红球杀三码 02,04,23
红球杀三码 18,21,29
红球杀三码 01,04,18
红球杀三码 15,24,31
红球杀三码 06,09,26
红球杀三码 06,26,31
红球杀三码 01,26,31
红球杀三码 01,16,17
红球杀三码 03,23,24
红球杀三码 15,24,32
红球杀三码 07,18,32
红球杀三码 14,24,29
红球杀三码 07,27,29
红球杀三码 07,12,31
红球杀三码 12,20,23
红球杀三码 05,21,33
红球杀三码 03,19,22
红球杀三码 13,18,27
红球杀三码 15,20,30
红球杀三码 11,12,23
红球杀三码 03,05,24
红球杀三码 03,06,07
红球杀三码 02,21,22
红球杀三码 06,09,29
红球杀三码 04,12,14
红球杀三码 18,24,28
红球杀三码 02,12,30
红球杀三码 02,13,21
红球杀三码 16,30,32
红球杀三码 08,12,19
红球杀三码 10,12,25
红球杀三码 04,21,26
红球杀三码 07,08,26
红球杀三码 19,23,32
红球杀三码 04,15,24
红球杀三码 18,23,31
红球杀三码 15,21,31
红球杀三码 30,23,18
红球杀三码 04,14,16
红球杀三码 16,27,31
红球杀三码 13,18,30
红球杀三码 14,24,28
红球杀三码 01,05,33
红球杀三码 15,17,33
红球杀三码 09,28,31
