当前访问：2022年094期双色球 巫妖推荐今日红球杀三码	https://m.cz89.com/read_7070074.htm
红球25码 01,02,04,05,06,07,09,10,11,12,13,14,16,17,18,19,20,23,24,26,27,28,31,32,33
===================================
当前访问：2022年094期双色球 暗渡陈仓分析今日红球独胆	https://m.cz89.com/read_7070042.htm
红球25码 01,02,04,05,06,07,08,11,12,13,14,16,17,18,19,20,21,23,24,26,28,30,31,32,33
===================================
当前访问：2022年094期双色球 菜康泳本期蓝球杀五码	https://m.cz89.com/read_7070027.htm
红球25码 01,02,06,07,09,10,11,12,13,14,15,16,17,19,20,23,24,26,27,28,29,30,31,32,33
===================================
当前访问：2022年094期双色球 小仙女今日红球杀三码分析	https://m.cz89.com/read_7069957.htm
红球25码 01,03,05,06,07,08,10,11,12,13,14,15,16,19,21,22,23,24,26,27,28,30,31,32,33
===================================
当前访问：福彩双色球22年094期 小妖精15+3复式推荐	https://m.cz89.com/read_7069654.htm
红球20码：06,09,10,11,13,14,15,16,17,18,19,21,22,24,27,28,30,31,32,33
===================================