当前访问：22年福彩双色球097期 易衍本期15+1复式参考	https://m.cz89.com/read_7090121.htm
最近十期(第2022087期-2022096期)开出1-3次的红球：01 02 03 04 05 06 07 08 09 10 11 13 14 15 16 17 18 19 21 22 23 24 25 27 28 29 30 31 32 33；
最近十周星期二(第2022067期-2022094期)开出1-3次的红球：01 03 04 05 06 07 08 10 11 13 14 15 16 17 18 19 20 21 22 23 24 26 27 28 29 30 31 32 33；
===================================
当前访问：2022年097期双色球 风行者本期回顾与下期分析	https://m.cz89.com/read_7087103.htm
红球25码 01,03,04,05,07,09,10,12,13,14,15,16,19,20,21,22,23,24,25,26,27,30,31,32,33
红球20码 01,03,04,05,09,10,12,13,14,15,16,19,21,22,23,24,27,30,31,32
===================================
当前访问：2022年097期双色球 万神分析今日红球杀三码	https://m.cz89.com/read_7087086.htm
红球25码 01,04,05,06,07,10,11,12,13,14,15,16,17,18,19,20,21,22,25,26,27,29,30,31,32
===================================
当前访问：2022年097期双色球 连连碰今日红球25码分析	https://m.cz89.com/read_7087079.htm
红球25码 01,03,04,05,06,08,09,10,11,13,14,15,16,17,19,21,22,23,24,26,28,29,30,31,33
===================================
当前访问：2022年097期双色球 新生当期红球三胆分析	https://m.cz89.com/read_7087075.htm
红球25码 01,02,04,05,06,08,09,10,11,13,14,15,17,18,19,20,23,25,26,27,29,30,31,32,33
===================================
当前访问：2022年097期双色球 小仙女今日红球杀三码分析	https://m.cz89.com/read_7087058.htm
红球25码 01,03,04,05,07,09,10,11,12,13,14,15,17,18,19,20,21,23,24,25,26,27,28,30,31
===================================
