当前访问：2022年093期 牛彩版双色球专家预测总汇分享	https://m.cz89.com/read_7062520.htm
红球25码03,04,06,07,08,10,11,12,13,15,17,19,20,21,22,23,24,25,26,27,28,29,30,32,33
红球25码01,03,04,05,06,07,09,10,11,12,13,15,18,20,21,22,23,24,26,27,28,29,31,32,33
===================================
当前访问：22年福彩双色球093期 何明预测蓝球三码推荐	https://m.cz89.com/read_7063529.htm
双色球第2022093期大复式推荐：02 03 04 07 10 11 17 18 21 24 26 27 28 29 32 + 02 04 12 14 16
===================================
当前访问：福彩双色球22年093期 小镇姑娘5码定蓝推荐	https://m.cz89.com/read_7062590.htm
红球20码：02,04,06,07,09,10,13,16,17,19,20,21,22,24,28,29,30,31,32,33
===================================
当前访问：福彩双色球22年093期 小林蓝球走势分析如图分析	https://m.cz89.com/read_7062589.htm
红球20码：01,02,07,08,09,10,13,15,16,19,21,22,24,25,27,28,29,30,31,32
===================================
当前访问：福彩双色球22年093期 天意精彩号码组合推荐	https://m.cz89.com/read_7062583.htm
红球16码：04,07,11,12,14,15,16,21,22,23,24,28,29,31,32,33
红球20码：04,06,07,09,11,12,14,15,16,18,21,22,23,24,25,28,29,31,32,33
===================================
当前访问：福彩双色球22年093期 带头大哥蓝球号码分析	https://m.cz89.com/read_7062581.htm
红球20码：02,07,08,13,14,16,17,18,19,20,21,22,23,24,26,28,29,30,32,33
===================================
当前访问：2022年093期双色球 楚天歌红球三胆分析	https://m.cz89.com/read_7062464.htm
红球25码 03,04,06,07,08,10,11,12,13,15,17,19,20,21,22,23,24,25,26,27,28,29,30,32,33
===================================
当前访问：2022年093期双色球 真心相待红球杀三码分析	https://m.cz89.com/read_7062451.htm
红球25码 01,03,04,06,08,09,10,12,13,15,16,17,19,21,22,23,24,25,26,27,28,29,31,32,33
红球20码 01,03,06,08,09,10,12,15,19,21,22,23,24,25,26,27,28,29,32,33
===================================
当前访问：2022年093期双色球 幽冉分析本期红球凤尾两码	https://m.cz89.com/read_7062449.htm
红球25码 02,03,04,05,07,09,10,11,12,13,14,15,16,17,18,19,21,22,24,25,26,28,29,32,33
红球20码 02,04,05,07,12,13,14,15,17,18,19,21,22,24,25,26,28,29,32,33
===================================
当前访问：2022年093期双色球 孤雁看胆红球杀三码推荐	https://m.cz89.com/read_7062435.htm
红球25码 01,03,04,05,06,07,09,10,11,12,13,15,18,20,21,22,23,24,26,27,28,29,31,32,33
===================================
