当前访问：2022年092期 牛彩版双色球专家预测总汇分享	https://m.cz89.com/read_7057406.htm
红球大底25码：01,02,03,05,07,09,10,12,14,15,16,17,19,20,21,22,24,25,26,27,28,30,31,32,33
===================================
当前访问：22年福彩双色球092期 小王子红球杀8码推荐	https://m.cz89.com/read_7060956.htm
福彩双色球15+5复式参考：04 05 08 10 12 14 16 17 20 21 22 24 25 27 28 + 02 07 12 13 14
===================================
当前访问：22年福彩双色球092期 子墨本期蓝球绝杀尾数2	https://m.cz89.com/read_7058498.htm
红球15码推荐: 01、06、 07、10、12、15、16、17、18、20、21、24、25、27、28
===================================
当前访问：2022年092期双色球 盈彩专家分析红球独胆21	https://m.cz89.com/read_7057350.htm
红球大底25码：01,03,04,05,06,07,09,10,11,13,14,15,16,17,20,21,24,25,26,27,28,29,30,31,33
===================================
当前访问：2022年092期双色球 如意彩分析蓝球三码08,10,13	https://m.cz89.com/read_7057344.htm
红球大底25码：01,02,03,05,07,09,10,12,14,15,16,17,19,20,21,22,24,25,26,27,28,30,31,32,33
===================================
当前访问：2022年092期双色球 孟德分析红球龙头两码02,05	https://m.cz89.com/read_7057338.htm
红球大底25码：02,05,06,07,08,10,11,12,14,15,16,17,18,19,20,21,22,23,24,25,27,28,30,32,33
红球精选20码：02,05,06,07,08,10,12,14,15,16,17,18,20,21,23,24,25,27,28,30
===================================