当前访问：22年福彩双色球095期 易衍本期15+1复式参考	https://m.cz89.com/read_7078089.htm
最近十期(第2022085期-2022094期)开出1-3次的红球：01 02 03 04 05 06 07 08 09 10 11 13 14 15 16 17 18 19 20 21 22 23 24 25 27 28 29 30 31 32 33；
===================================
当前访问：2022年095双色球 巫妖推荐今日红球杀三码	https://m.cz89.com/read_7075147.htm
红球25码 01,02,03,04,05,06,08,09,10,13,14,15,16,17,18,19,20,21,23,24,26,28,29,30,33
红球20码 01,02,03,04,06,09,10,13,14,15,17,18,19,20,24,26,28,29,30,33
===================================
当前访问：2022年095双色球 不可告人今日红球杀六码推荐	https://m.cz89.com/read_7075137.htm
红球20码 02,03,04,05,06,07,11,12,13,14,16,18,21,23,24,25,26,28,30,32
===================================
当前访问：2022年095双色球 格兰雄狮分析本期红球龙头两码	https://m.cz89.com/read_7075126.htm
红球25码 02,04,05,06,07,08,09,10,11,12,13,14,15,17,18,19,20,21,24,28,29,30,31,32,33
===================================
当前访问：2022年095双色球 菜康泳本期红球杀三码分析	https://m.cz89.com/read_7075114.htm
红球20码 03,04,05,06,09,10,13,14,17,18,22,23,24,26,27,28,29,30,31,32
===================================
当前访问：2022年095双色球 幽冉分析本期红球凤尾两码	https://m.cz89.com/read_7075109.htm
红球25码 01,03,04,05,06,08,11,12,13,14,15,16,17,18,20,21,22,24,25,26,27,28,31,32,33
===================================
当前访问：2022年095双色球 新生当期红球三胆分析  	https://m.cz89.com/read_7075090.htm
红球25码 01,03,04,05,06,07,10,11,13,14,15,17,18,19,20,22,24,25,26,27,28,29,30,31,32
===================================
