当前访问：22年福彩双色球091期 知瞳关注本期看蓝球05,07,08,09,14	https://m.cz89.com/read_7053350.htm
双色球2022091期红球出号范围15码:02、03、 04、05、08、12. 13、14、15、18、22、24、25、28、 32
===================================
当前访问：22年福彩双色球091期 麦丽素本期201路尾数分析	https://m.cz89.com/read_7053341.htm
双色球22091期红球推荐(18码):05 15 25 08 18 28 10 20 30 09 19 29 04 14 24 07 17 27
===================================
当前访问：2022年091期双色球 楚天歌红球三胆分析	https://m.cz89.com/read_7052883.htm
红球20码 01,02,03,06,08,09,10,11,13,14,18,21,22,24,25,27,28,29,30,32
===================================
当前访问：2022年091期双色球 莫天命推荐今日红球双胆	https://m.cz89.com/read_7052866.htm
红球25码 02,04,05,07,08,09,10,11,12,13,14,15,16,17,18,19,20,21,22,24,25,27,28,29,32
===================================
当前访问：2022年091期双色球 谁与争锋红球杀六码分析	https://m.cz89.com/read_7052839.htm
红球25码 01,03,06,07,08,09,10,11,12,14,16,17,18,20,21,22,23,24,25,26,28,29,30,31,32
红球20码 01,03,06,07,08,09,10,12,14,16,18,20,21,22,23,24,26,28,31,32
===================================
当前访问：2022年091期双色球 小仙女今日红球杀三码分析	https://m.cz89.com/read_7052835.htm
红球25码 01,03,04,05,06,07,08,10,12,13,14,16,17,18,20,21,22,23,24,25,28,29,31,32,33
===================================
当前访问：福彩双色球22年091期 天下无双今期胆拖投注推荐	https://m.cz89.com/read_7052431.htm
红球20码：01,02,06,07,08,10,11,12,18,20,21,22,24,25,26,27,28,29,30,33
===================================
当前访问：福彩双色球22年091期 天意精彩号码组合推荐	https://m.cz89.com/read_7052419.htm
红球20码：01,07,08,09,10,13,17,18,19,20,22,23,24,26,27,28,29,30,31,33
===================================