当前访问：22年福彩双色球096期 郑戈本期新旧跳分析	https://m.cz89.com/read_7080242.htm
新码：01 02 03 04 06 08 09 10 11 12 14 15 16 17 18 19 23 25 26 28 29 33
===================================
当前访问： 2022年096期双色球 演绎人生红球龙头两码分析	https://m.cz89.com/read_7080064.htm
红球25码 02,03,04,05,06,07,08,10,12,13,14,15,16,17,18,19,20,21,22,27,28,30,31,32,33
===================================
当前访问：2022年096期双色球 法神红球杀六码分析	https://m.cz89.com/read_7080058.htm
红球25码 03,04,07,08,09,10,11,14,16,17,18,19,20,22,23,24,25,26,27,28,29,30,31,32,33
===================================
当前访问：2022年096期双色球 暗渡陈仓分析今日红球独胆	https://m.cz89.com/read_7080051.htm
红球25码 03,04,06,07,08,11,12,13,14,15,16,17,19,20,21,22,24,25,26,27,28,29,31,32,33
===================================
当前访问：2022年096期双色球 莫天命推荐今日红球双胆	https://m.cz89.com/read_7080045.htm
红球25码 01,02,03,05,07,08,09,11,13,14,15,16,17,18,19,20,21,22,24,26,27,28,29,30,33
===================================
当前访问：2022年096期双色球 李寒今日红球龙头两码分析	https://m.cz89.com/read_7080004.htm
红球25码 02,03,05,06,08,11,12,14,15,16,17,18,19,20,21,22,23,25,26,27,28,30,31,32,33
===================================
当前访问：2022年096期双色球 谁与争锋红球杀六码分析	https://m.cz89.com/read_7080000.htm
红球25码 01,02,03,04,05,07,08,09,10,13,14,15,16,17,18,19,20,21,22,24,26,27,29,30,33
===================================
当前访问：2022年096期双色球 称心码今日红球杀三码分析	https://m.cz89.com/read_7079984.htm
红球25码 01,02,03,05,06,07,08,09,12,13,14,16,17,18,19,20,21,22,23,24,25,26,27,32,33
===================================
当前访问：2022年096期双色球 如意彩分析蓝球三码06,10,16	https://m.cz89.com/read_7079409.htm
红球大底25码：02,03,05,07,10,11,12,13,14,15,16,17,18,19,20,21,22,24,26,27,28,29,30,31,33
===================================
当前访问：22年福彩双色球第096期 貂蝉杀3蓝预测推荐	https://m.cz89.com/read_7079164.htm
24红:01,02,03,04,05,06,07,08,10,11,14,15,16,17,18,19,20,23,24,25,26,29,31,33
===================================