==================百事大吉=================
红球独胆 10
蓝球定三码 04,08,13
红球杀六码 05,15,17,24,25,33
红球25码 01,02,03,04,06,07,08,09,10,11,12,13,14,16,19,20,22,23,26,27,28,29,30,31,32
蓝球杀五码 01,02,07,12,16
红球20码 01,02,03,04,06,07,08,09,10,12,13,20,22,23,26,27,28,29,30,32
红球双胆 10,27
红球三胆 03,10,27
蓝球定五码 04,08,09,13,14
红球12码 01,02,03,06,07,08,10,12,20,26,27,28
红球杀三码 05,24,33
红球龙头两码 01,02
红球凤尾两码 27,28
==================连连碰=================
红球独胆 03
蓝球定三码 06,12,16
红球杀六码 02,05,11,21,27,32
红球25码 01,03,04,06,07,08,10,12,13,14,15,16,17,18,20,22,23,24,25,26,28,29,30,31,33
蓝球杀五码 02,03,10,11,15
红球20码 03,04,06,08,12,13,14,15,16,18,22,23,24,25,26,28,29,30,31,33
红球双胆 03,12
红球三胆 03,12,26
蓝球定五码 06,07,08,12,16
红球12码 03,04,06,08,12,18,25,26,28,30,31,33
红球杀三码 02,11,21
红球龙头两码 03,04
红球凤尾两码 31,33
==================潮人=================
红球独胆 04
蓝球定三码 01,07,16
红球杀六码 01,06,07,11,24,33
红球25码 02,03,04,05,09,10,12,13,14,15,16,17,18,19,20,21,22,23,25,27,28,29,30,31,32
蓝球杀五码 02,04,06,08,12
红球20码 02,04,05,10,12,13,15,16,17,18,19,20,21,22,23,25,27,28,29,30
红球双胆 04,20
红球三胆 04,17,20
蓝球定五码 01,03,05,07,16
红球12码 04,05,10,15,16,17,18,19,20,22,29,30
红球杀三码 01,06,33
红球龙头两码 04,05
红球凤尾两码 29,30
==================真心相待=================
红球独胆 30
蓝球定三码 01,06,07
红球杀六码 01,05,08,23,26,31
红球25码 02,03,04,06,07,09,10,12,13,14,15,16,17,18,19,20,21,22,24,25,27,28,30,32,33
蓝球杀五码 02,05,09,10,11
红球20码 02,03,04,07,09,12,13,14,15,16,18,19,22,24,25,27,28,30,32,33
红球双胆 28,30
红球三胆 28,30,33
蓝球定五码 01,06,07,13,14
红球12码 02,03,04,09,14,15,18,22,27,28,30,33
红球杀三码 01,23,26
红球龙头两码 02,03
红球凤尾两码 30,33
==================格兰雄狮=================
红球独胆 07
蓝球定三码 09,14,15
红球杀六码 13,19,21,22,26,29
红球25码 01,02,03,04,05,06,07,08,09,10,11,12,14,15,16,17,18,20,23,24,25,27,30,31,33
蓝球杀五码 02,03,06,11,13
红球20码 01,02,03,05,07,08,09,11,12,14,15,17,18,20,23,25,27,30,31,33
红球双胆 07,23
红球三胆 07,08,23
蓝球定五码 01,04,09,14,15
红球12码 02,03,07,08,09,11,14,20,23,25,27,30
红球杀三码 21,26,29
红球龙头两码 02,03
红球凤尾两码 27,30
==================清风雪舞=================
红球独胆 14
蓝球定三码 03,07,10
红球杀六码 05,10,16,21,24,30
红球25码 02,03,04,06,07,08,09,11,12,13,14,15,18,19,20,22,23,25,26,27,28,29,31,32,33
蓝球杀五码 06,08,11,14,16
红球20码 02,03,04,06,07,08,09,12,13,14,15,18,19,20,22,23,27,28,29,33
红球双胆 13,14
红球三胆 13,14,23
蓝球定五码 03,04,07,10,15
红球12码 04,06,08,12,13,14,15,18,20,22,23,27
红球杀三码 05,10,21
红球龙头两码 04,06
红球凤尾两码 23,27
==================法神=================
红球独胆 23
蓝球定三码 05,08,12
红球杀六码 04,07,09,24,25,26
红球25码 01,02,03,05,06,08,10,11,12,14,15,16,17,18,19,21,22,23,27,28,29,30,31,32,33
蓝球杀五码 02,07,10,13,15
红球20码 01,03,05,06,10,11,12,14,15,16,18,19,22,23,27,28,29,30,31,32
红球双胆 19,23
红球三胆 11,19,23
蓝球定五码 03,05,08,09,12
红球12码 01,06,11,14,18,19,23,27,28,30,31,32
红球杀三码 04,25,26
红球龙头两码 01,06
红球凤尾两码 31,32
==================暗渡陈仓=================
红球独胆 10
蓝球定三码 11,13,16
红球杀六码 04,09,16,27,29,30
红球25码 01,02,03,06,08,10,11,12,13,14,15,17,18,19,20,21,22,23,24,25,26,28,31,32,33
蓝球杀五码 01,02,03,07,15
红球20码 01,02,03,08,10,11,12,13,14,15,18,20,21,22,23,24,25,26,31,32
红球双胆 10,31
红球三胆 10,25,31
蓝球定五码 04,09,11,13,16
红球12码 03,08,10,12,15,18,21,24,25,26,31,32
红球杀三码 04,27,30
红球龙头两码 03,08
红球凤尾两码 31,32
==================四通八达=================
红球独胆 19
蓝球定三码 01,06,10
红球杀六码 01,03,05,13,23,27
红球25码 02,04,06,07,08,09,10,11,12,14,16,17,18,19,20,21,22,24,26,28,29,30,31,32,33
蓝球杀五码 02,05,07,11,14
红球20码 02,04,06,07,08,09,10,11,14,16,17,19,21,24,26,29,30,31,32,33
红球双胆 19,33
红球三胆 19,30,33
蓝球定五码 01,04,06,10,13
红球12码 04,08,09,11,14,19,21,26,29,30,32,33
红球杀三码 05,13,27
红球龙头两码 04,08
红球凤尾两码 32,33
==================演绎人生=================
红球独胆 01
蓝球定三码 01,07,15
红球杀六码 04,16,23,24,25,30
红球25码 01,02,03,05,06,07,08,09,10,11,12,13,14,17,18,19,20,21,22,26,27,29,31,32,33
蓝球杀五码 04,06,10,11,13
红球20码 01,02,03,05,06,07,08,10,12,14,17,19,20,21,22,26,27,29,32,33
红球双胆 01,06
红球三胆 01,02,06
蓝球定五码 01,03,07,14,15
红球12码 01,02,03,06,08,10,17,19,21,27,29,32
红球杀三码 04,16,30
红球龙头两码 01,02
红球凤尾两码 29,32
==================军师吴用=================
红球独胆 16
蓝球定三码 05,14,15
红球杀六码 03,09,13,23,27,28
红球25码 01,02,04,05,07,08,11,12,14,15,16,17,18,19,20,21,22,24,25,26,29,30,31,32,33
蓝球杀五码 02,06,08,10,16
红球20码 01,04,05,07,08,12,14,16,17,18,20,22,24,25,26,29,30,31,32,33
红球双胆 16,33
红球三胆 12,16,33
蓝球定五码 05,09,11,14,15
红球12码 01,04,05,07,08,12,14,16,25,29,30,33
红球杀三码 13,27,28
红球龙头两码 01,04
红球凤尾两码 30,33
==================脱口秀=================
红球独胆 21
蓝球定三码 05,08,12
红球杀六码 04,09,12,16,17,30
红球25码 01,02,03,05,06,07,08,10,11,13,14,18,19,20,21,22,23,24,25,26,27,28,29,31,32
蓝球杀五码 01,03,04,09,13
红球20码 01,02,03,05,06,10,11,13,14,18,19,21,22,24,25,26,27,28,31,32
红球双胆 21,25
红球三胆 21,24,25
蓝球定五码 02,05,07,08,12
红球12码 01,03,05,06,11,19,21,24,25,26,28,32
红球杀三码 09,16,17
红球龙头两码 01,03
红球凤尾两码 28,32
==================第二神=================
红球独胆 11
蓝球定三码 01,06,10
红球杀六码 07,14,15,16,18,30
红球25码 01,02,03,04,05,06,08,09,10,11,12,13,17,19,21,22,23,24,25,26,27,28,29,31,32
蓝球杀五码 03,04,05,07,13
红球20码 01,02,04,05,06,08,10,11,13,17,21,22,23,24,25,26,27,28,31,32
红球双胆 10,11
红球三胆 10,11,26
蓝球定五码 01,02,06,10,14
红球12码 01,02,04,05,10,11,21,22,25,26,31,32
红球杀三码 15,16,18
红球龙头两码 01,02
红球凤尾两码 31,32
==================西坝=================
红球独胆 08
蓝球定三码 07,09,13
红球杀六码 07,14,15,17,19,32
红球25码 01,02,03,04,05,06,08,09,11,12,13,18,20,21,22,23,24,25,26,27,28,29,30,31,33
蓝球杀五码 01,10,11,15,16
红球20码 02,03,04,06,08,09,12,18,20,21,22,23,24,25,26,27,28,29,31,33
红球双胆 08,24
红球三胆 02,08,24
蓝球定五码 04,07,09,12,13
红球12码 02,04,06,08,23,24,25,26,27,29,31,33
红球杀三码 14,15,17
红球龙头两码 02,04
红球凤尾两码 31,33
==================丹姿=================
红球独胆 06
蓝球定三码 06,09,11
红球杀六码 05,11,20,22,27,29
红球25码 01,02,04,06,07,08,09,10,12,13,14,15,17,18,19,21,23,24,25,26,28,30,31,32,33
蓝球杀五码 04,05,08,13,14
红球20码 02,04,06,07,08,09,10,12,13,14,15,17,18,21,23,25,26,30,31,33
红球双胆 06,21
红球三胆 06,21,25
蓝球定五码 06,07,09,11,15
红球12码 06,08,09,13,15,17,21,23,25,26,30,31
红球杀三码 05,22,27
红球龙头两码 06,08
红球凤尾两码 30,31
==================小糖人=================
红球独胆 31
蓝球定三码 08,09,15
红球杀六码 10,12,13,15,32,33
红球25码 01,02,03,05,06,07,08,09,11,14,16,17,19,20,21,22,23,24,25,26,27,28,29,30,31
蓝球杀五码 02,06,11,12,14
红球20码 01,02,03,05,06,07,08,09,14,16,17,19,23,24,25,27,28,29,30,31
红球双胆 24,31
红球三胆 14,24,31
蓝球定五码 07,08,09,13,15
红球12码 02,05,06,07,08,09,14,24,27,28,30,31
红球杀三码 10,12,32
红球龙头两码 02,05
红球凤尾两码 30,31
==================维迪尔=================
红球独胆 14
蓝球定三码 08,13,15
红球杀六码 04,08,11,24,30,31
红球25码 01,02,03,05,06,07,09,10,12,13,14,15,16,17,18,19,20,21,22,23,26,28,29,32,33
蓝球杀五码 04,06,07,10,14
红球20码 02,03,05,06,07,09,10,13,14,15,16,17,18,19,20,21,22,23,28,33
红球双胆 14,20
红球三胆 14,19,20
蓝球定五码 02,08,11,13,15
红球12码 02,06,07,09,10,14,17,19,20,21,22,28
红球杀三码 04,08,24
红球龙头两码 02,06
红球凤尾两码 22,28
==================西川达子=================
红球独胆 33
蓝球定三码 03,05,10
红球杀六码 03,06,08,10,13,18
红球25码 01,02,04,05,07,09,11,12,14,15,16,17,19,20,21,22,23,24,25,26,28,29,30,31,33
蓝球杀五码 02,06,11,15,16
红球20码 01,02,04,05,07,09,14,16,17,19,20,21,22,23,24,25,26,29,31,33
红球双胆 29,33
红球三胆 07,29,33
蓝球定五码 03,04,05,08,10
红球12码 02,04,05,07,09,14,16,20,21,22,29,33
红球杀三码 08,13,18
红球龙头两码 02,04
红球凤尾两码 29,33
==================莫天命=================
红球独胆 23
蓝球定三码 03,09,15
红球杀六码 02,03,10,13,27,28
红球25码 01,04,05,06,07,08,09,11,12,14,15,17,18,19,20,21,22,23,24,25,26,29,30,32,33
蓝球杀五码 01,04,06,10,16
红球20码 01,06,07,08,09,15,17,18,19,20,21,22,23,24,25,26,29,30,32,33
红球双胆 23,33
红球三胆 17,23,33
蓝球定五码 02,03,09,12,15
红球12码 01,07,15,17,19,20,22,23,29,30,32,33
红球杀三码 10,13,27
红球龙头两码 01,07
红球凤尾两码 32,33
==================薄彩在身=================
红球独胆 24
蓝球定三码 04,06,08
红球杀六码 03,09,16,19,25,31
红球25码 01,02,04,05,06,07,08,11,12,13,14,15,17,18,20,21,22,23,24,27,28,29,30,32,33
蓝球杀五码 02,09,12,14,16
红球20码 01,02,04,05,06,07,08,11,12,13,14,18,20,22,24,28,29,30,32,33
红球双胆 04,24
红球三胆 04,24,32
蓝球定五码 04,06,08,13,15
红球12码 01,04,07,11,13,18,20,24,28,30,32,33
红球杀三码 03,09,19
红球龙头两码 01,04
红球凤尾两码 32,33
==================东方卫视=================
红球独胆 29
蓝球定三码 01,03,09
红球杀六码 01,02,03,07,09,26
红球25码 04,05,08,10,11,12,13,14,15,16,17,18,19,20,21,22,23,24,25,28,29,30,31,32,33
蓝球杀五码 02,06,07,14,16
红球20码 04,05,08,10,11,12,13,14,15,16,17,18,19,20,21,25,28,29,30,33
红球双胆 16,29
红球三胆 08,16,29
蓝球定五码 01,03,09,12,15
红球12码 04,08,15,16,17,19,20,21,25,28,29,33
红球杀三码 02,09,26
红球龙头两码 04,08
红球凤尾两码 29,33
==================完美运程=================
红球独胆 19
蓝球定三码 04,06,13
红球杀六码 07,08,15,27,32,33
红球25码 01,02,03,04,05,06,09,10,11,13,14,16,17,18,19,20,21,22,23,24,25,26,28,29,31
蓝球杀五码 01,02,08,10,14
红球20码 01,02,03,05,06,09,10,11,13,14,18,19,20,21,22,23,24,25,29,31
红球双胆 03,19
红球三胆 03,09,19
蓝球定五码 04,06,09,13,15
红球12码 03,05,09,10,14,18,19,20,21,22,25,31
红球杀三码 15,27,32
红球龙头两码 03,05
红球凤尾两码 25,31
==================西龙=================
红球独胆 08
蓝球定三码 11,12,16
红球杀六码 07,10,12,16,22,32
红球25码 01,02,04,05,06,08,09,11,13,14,15,17,18,19,20,21,24,25,26,27,28,29,30,31,33
蓝球杀五码 01,05,06,09,14
红球20码 01,02,04,05,06,08,13,15,17,18,20,21,24,25,27,28,29,30,31,33
红球双胆 08,20
红球三胆 01,08,20
蓝球定五码 04,08,11,12,16
红球12码 01,08,18,20,21,24,25,27,28,29,30,33
红球杀三码 12,16,22
红球龙头两码 01,08
红球凤尾两码 30,33
==================称心码=================
红球独胆 27
蓝球定三码 05,06,09
红球杀六码 03,04,05,07,23,29
红球25码 01,02,08,09,10,11,12,13,14,15,16,18,19,20,21,22,24,25,26,27,28,30,31,32,33
蓝球杀五码 02,04,08,11,15
红球20码 01,02,08,09,11,12,13,14,16,19,20,21,22,25,26,27,28,30,32,33
红球双胆 02,27
红球三胆 02,08,27
蓝球定五码 05,06,09,13,16
红球12码 02,08,11,12,14,19,21,22,26,27,28,33
红球杀三码 04,05,29
红球龙头两码 02,08
红球凤尾两码 28,33
==================狐王=================
红球独胆 02
蓝球定三码 05,09,10
红球杀六码 01,12,16,17,29,32
红球25码 02,03,04,05,07,08,09,10,11,13,14,15,18,19,20,21,22,23,24,25,26,27,30,31,33
蓝球杀五码 01,08,11,15,16
红球20码 02,03,04,05,07,08,13,14,15,18,19,20,21,22,23,24,25,26,31,33
红球双胆 02,23
红球三胆 02,13,23
蓝球定五码 05,06,09,10,14
红球12码 02,07,08,13,14,19,21,22,23,24,31,33
红球杀三码 01,29,32
红球龙头两码 02,07
红球凤尾两码 31,33
==================幽冉=================
红球独胆 32
蓝球定三码 01,07,08
红球杀六码 03,06,17,20,23,31
红球25码 01,04,05,07,08,09,10,12,13,14,15,16,18,19,21,22,24,25,26,27,28,29,30,32,33
蓝球杀五码 05,09,13,14,16
红球20码 05,07,08,09,10,12,13,14,18,19,21,22,24,25,27,28,29,30,32,33
红球双胆 25,32
红球三胆 25,28,32
蓝球定五码 01,03,07,08,10
红球12码 07,08,13,14,18,19,21,22,25,27,28,32
红球杀三码 17,23,31
红球龙头两码 07,08
红球凤尾两码 28,32
==================惊天危机=================
红球独胆 19
蓝球定三码 01,06,08
红球杀六码 16,18,20,26,28,33
红球25码 01,02,03,04,06,07,08,09,10,11,13,14,15,17,19,21,22,23,24,25,27,29,30,31,32
蓝球杀五码 03,09,11,13,14
红球20码 01,02,03,07,08,09,10,11,13,15,17,19,21,22,23,25,29,30,31,32
红球双胆 01,19
红球三胆 01,19,22
蓝球定五码 01,06,08,10,15
红球12码 01,08,10,11,13,17,19,22,23,25,29,31
红球杀三码 20,28,33
红球龙头两码 01,08
红球凤尾两码 29,31
==================火力全开=================
红球独胆 20
蓝球定三码 02,14,16
红球杀六码 06,12,13,16,18,21
红球25码 01,02,03,04,05,07,09,10,11,14,15,17,19,20,22,23,24,26,27,28,29,30,31,32,33
蓝球杀五码 03,06,07,10,11
红球20码 02,03,04,05,07,10,11,14,15,17,19,20,22,23,24,26,27,28,29,30
红球双胆 20,23
红球三胆 05,20,23
蓝球定五码 02,04,09,14,16
红球12码 02,05,07,11,17,19,20,22,23,24,26,27
红球杀三码 12,16,18
红球龙头两码 02,05
红球凤尾两码 26,27
==================飞花潇雪=================
红球独胆 18
蓝球定三码 05,09,11
红球杀六码 04,09,15,21,23,26
红球25码 01,02,03,05,06,07,08,10,12,13,14,16,17,18,19,20,22,24,25,27,28,29,31,32,33
蓝球杀五码 01,04,10,13,16
红球20码 01,02,05,07,08,10,12,13,14,17,18,20,22,24,27,28,29,31,32,33
红球双胆 07,18
红球三胆 07,13,18
蓝球定五码 02,05,08,09,11
红球12码 05,07,13,14,17,18,20,24,27,28,29,31
红球杀三码 15,21,23
红球龙头两码 05,07
红球凤尾两码 29,31
==================忘忧草=================
红球独胆 22
蓝球定三码 03,04,08
红球杀六码 07,10,18,20,23,28
红球25码 01,02,03,04,05,06,08,09,11,12,13,15,16,17,19,21,22,25,26,27,29,30,31,32,33
蓝球杀五码 02,07,10,12,15
红球20码 01,02,04,06,08,09,11,12,15,17,19,21,22,25,26,29,30,31,32,33
红球双胆 12,22
红球三胆 12,22,32
蓝球定五码 03,04,08,09,16
红球12码 01,02,06,09,11,12,17,22,25,30,32,33
红球杀三码 18,20,23
红球龙头两码 01,02
红球凤尾两码 32,33
==================寻雾=================
红球独胆 27
蓝球定三码 04,12,15
红球杀六码 02,05,10,17,18,30
红球25码 01,03,04,06,08,09,11,12,14,15,16,19,20,21,22,23,24,25,26,27,28,29,31,32,33
蓝球杀五码 02,03,05,09,13
红球20码 03,04,08,11,12,14,15,16,19,21,22,23,24,25,26,27,28,29,32,33
红球双胆 27,32
红球三胆 03,27,32
蓝球定五码 04,08,12,14,15
红球12码 03,04,08,11,12,14,16,21,27,28,29,32
红球杀三码 17,18,30
红球龙头两码 03,04
红球凤尾两码 29,32
==================万神=================
红球独胆 25
蓝球定三码 09,13,15
红球杀六码 04,05,09,22,28,33
红球25码 01,02,03,06,07,08,11,12,13,14,15,17,18,19,20,21,23,24,25,26,27,29,30,31,32
蓝球杀五码 01,02,10,14,16
红球20码 01,02,03,06,11,12,13,15,17,18,19,20,21,24,25,26,27,29,30,31
红球双胆 25,27
红球三胆 06,25,27
蓝球定五码 04,09,12,13,15
红球12码 02,06,13,15,17,18,19,21,24,25,27,31
红球杀三码 04,28,33
红球龙头两码 02,06
红球凤尾两码 27,31
==================彩天地=================
红球独胆 09
蓝球定三码 01,03,06
红球杀六码 06,08,11,19,22,31
红球25码 01,02,03,05,07,09,10,12,13,15,16,17,18,20,21,23,24,25,26,27,28,29,30,32,33
蓝球杀五码 04,10,11,13,14
红球20码 01,02,03,05,07,09,10,12,13,15,16,18,20,21,25,26,28,29,30,33
红球双胆 02,09
红球三胆 02,07,09
蓝球定五码 01,03,05,06,08
红球12码 02,05,07,09,12,13,15,21,26,28,30,33
红球杀三码 08,11,19
红球龙头两码 02,05
红球凤尾两码 30,33
==================谁与争锋=================
红球独胆 26
蓝球定三码 02,03,13
红球杀六码 01,06,12,15,30,31
红球25码 02,03,04,05,08,09,10,11,13,14,16,17,18,19,20,21,22,23,24,25,26,27,28,32,33
蓝球杀五码 04,05,06,14,15
红球20码 02,03,05,09,10,11,13,14,16,17,19,20,21,22,23,25,26,27,28,32
红球双胆 17,26
红球三胆 17,26,27
蓝球定五码 02,03,09,11,13
红球12码 02,11,16,17,19,21,23,25,26,27,28,32
红球杀三码 01,06,15
红球龙头两码 02,11
红球凤尾两码 28,32
==================百炼成钢=================
红球独胆 26
蓝球定三码 02,09,15
红球杀六码 05,09,10,16,21,24
红球25码 01,03,04,06,07,08,11,12,13,14,15,17,18,20,22,23,25,26,27,28,29,30,31,32,33
蓝球杀五码 03,04,08,11,16
红球20码 03,04,06,08,11,13,14,15,18,20,22,23,25,26,27,29,30,31,32,33
红球双胆 11,26
红球三胆 08,11,26
蓝球定五码 01,02,07,09,15
红球12码 04,08,11,13,14,15,18,22,25,26,31,32
红球杀三码 10,16,21
红球龙头两码 04,08
红球凤尾两码 31,32
==================李寒=================
红球独胆 17
蓝球定三码 05,10,11
红球杀六码 01,02,03,15,16,25
红球25码 04,05,06,07,08,09,10,11,13,14,17,18,19,20,21,23,24,26,27,28,29,30,31,32,33
蓝球杀五码 07,08,09,12,14
红球20码 04,05,06,07,08,09,10,13,14,17,18,19,20,21,27,28,29,30,31,33
红球双胆 10,17
红球三胆 10,17,29
蓝球定五码 03,05,06,10,11
红球12码 04,07,10,14,17,18,20,21,27,28,29,33
红球杀三码 01,03,15
红球龙头两码 04,07
红球凤尾两码 29,33
==================小仙女=================
红球独胆 16
蓝球定三码 10,12,16
红球杀六码 01,07,10,15,25,33
红球25码 02,03,04,05,06,08,09,11,12,13,14,16,17,18,19,20,21,22,24,26,27,28,30,31,32
蓝球杀五码 04,05,06,13,14
红球20码 03,04,06,08,09,11,12,14,16,17,18,20,21,24,26,27,28,30,31,32
红球双胆 16,32
红球三胆 16,27,32
蓝球定五码 02,10,11,12,16
红球12码 04,06,12,16,17,18,21,24,27,28,31,32
红球杀三码 15,25,33
红球龙头两码 04,06
红球凤尾两码 31,32
==================天之骄子=================
红球独胆 02
蓝球定三码 09,12,15
红球杀六码 08,14,21,23,27,33
红球25码 01,02,03,04,05,06,07,09,11,12,13,15,16,17,18,19,20,22,24,25,26,28,29,30,32
蓝球杀五码 04,05,07,10,11
红球20码 02,03,04,05,06,09,12,13,17,18,19,20,22,24,25,26,28,29,30,32
红球双胆 02,28
红球三胆 02,28,29
蓝球定五码 06,09,12,15,16
红球12码 02,04,05,18,19,20,22,25,26,28,29,30
红球杀三码 21,23,27
红球龙头两码 02,04
红球凤尾两码 29,30
==================蜗蜗牛=================
红球独胆 31
蓝球定三码 02,03,15
红球杀六码 03,05,15,20,24,28
红球25码 01,02,06,07,08,09,10,11,12,13,14,16,17,19,21,22,23,25,26,27,29,30,31,32,33
蓝球杀五码 01,06,07,09,16
红球20码 01,02,06,09,11,13,14,16,17,19,21,22,25,26,27,29,30,31,32,33
红球双胆 19,31
红球三胆 19,26,31
蓝球定五码 02,03,05,13,15
红球12码 01,02,09,19,21,22,25,26,27,30,31,32
红球杀三码 03,15,24
红球龙头两码 01,02
红球凤尾两码 31,32
==================痛并快乐=================
红球独胆 26
蓝球定三码 11,13,16
红球杀六码 04,11,18,20,29,32
红球25码 01,02,03,05,06,07,08,09,10,12,14,15,16,17,21,22,23,24,25,26,27,28,30,31,33
蓝球杀五码 01,02,04,07,08
红球20码 01,02,03,05,06,07,08,09,10,12,14,15,21,22,23,25,26,27,30,33
红球双胆 15,26
红球三胆 07,15,26
蓝球定五码 06,09,11,13,16
红球12码 05,07,08,09,12,15,22,23,25,26,27,30
红球杀三码 04,11,29
红球龙头两码 05,07
红球凤尾两码 27,30
==================巫妖=================
红球独胆 07
蓝球定三码 04,07,14
红球杀六码 03,11,17,21,28,33
红球25码 01,02,04,05,06,07,09,12,13,14,15,16,18,19,20,22,23,24,25,26,27,29,30,31,32
蓝球杀五码 06,08,09,12,13
红球20码 01,02,04,07,09,12,13,14,15,16,18,19,22,23,24,25,26,27,30,32
红球双胆 07,23
红球三胆 07,18,23
蓝球定五码 04,05,07,14,16
红球12码 04,07,13,14,18,19,22,23,24,26,27,30
红球杀三码 03,11,28
红球龙头两码 04,07
红球凤尾两码 27,30
==================天宇=================
红球独胆 25
蓝球定三码 03,10,13
红球杀六码 03,07,19,20,32,33
红球25码 01,02,04,05,08,09,10,11,12,13,14,16,17,18,21,22,23,24,25,26,27,28,29,30,31
蓝球杀五码 01,02,04,08,09
红球20码 01,02,04,05,09,11,12,13,14,16,17,18,21,23,24,25,27,28,29,31
红球双胆 25,31
红球三胆 04,25,31
蓝球定五码 03,10,13,15,16
红球12码 01,04,05,11,14,16,21,24,25,27,28,31
红球杀三码 03,19,20
红球龙头两码 01,04
红球凤尾两码 28,31
==================小豆豆=================
红球独胆 08
蓝球定三码 03,04,09
红球杀六码 02,09,14,19,23,26
红球25码 01,03,04,05,06,07,08,10,11,12,13,15,16,17,18,20,21,22,25,27,28,29,31,32,33
蓝球杀五码 02,07,10,11,13
红球20码 01,03,05,06,07,08,10,12,13,15,16,18,20,21,22,25,27,28,31,32
红球双胆 08,28
红球三胆 08,25,28
蓝球定五码 03,04,05,08,09
红球12码 01,03,06,08,10,12,13,18,22,25,27,28
红球杀三码 02,09,26
红球龙头两码 01,03
红球凤尾两码 27,28
==================助力=================
红球独胆 07
蓝球定三码 01,12,06
红球杀六码 13,28,30,16,18,15
红球25码 07,01,06,33,11,24,04,25,26,09,20,17,14,21,03,19,22,31,12,05,02,23,27,32,10
蓝球杀五码 11,13,14,04,08
红球20码 07,01,06,33,11,24,04,25,26,09,20,17,14,21,03,19,22,31,12,05
红球双胆 07,01
红球三胆 07,01,06
蓝球定五码 01,12,06,09,15
红球12码 07,01,06,33,11,24,04,25,26,09,20,17
红球杀三码 13,28,30
红球龙头两码 01,04
红球凤尾两码 26,33
==================双色球达人=================
红球独胆 02
蓝球定三码 09,10,12
红球杀六码 08,15,24,28,29,33
红球25码 01,02,03,04,05,06,09,10,11,12,13,14,16,17,18,19,21,22,23,25,26,27,30,31,32
蓝球杀五码 01,03,05,06,07
红球20码 01,02,04,05,06,09,11,12,13,14,16,18,21,22,23,25,26,27,30,31
红球双胆 02,05
红球三胆 02,05,21
蓝球定五码 08,09,10,12,13
红球12码 01,02,05,12,13,14,16,18,21,22,23,30
红球杀三码 08,28,29
红球龙头两码 01,02
红球凤尾两码 23,30
==================达达=================
红球独胆 09
蓝球定三码 04,05,06
红球杀六码 12,16,21,28,31,30
红球25码 01,02,03,04,05,07,09,10,11,13,14,15,17,18,19,20,22,23,24,25,26,27,29,32,33
蓝球杀五码 14,13,12,11,10
红球20码 01,03,04,05,07,09,10,11,13,14,15,18,19,20,23,24,25,27,29,32
红球双胆 09,15
红球三胆 09,15,20
蓝球定五码 03,04,05,06,15
红球12码 03,07,09,10,13,14,15,18,20,23,25,29
红球杀三码 12,16,21
红球龙头两码 07,14
红球凤尾两码 23,25
==================孤雁看胆=================
红球独胆 11
蓝球定三码 05,10,16
红球杀六码 18,24,28,29,30,32
红球25码 01,02,03,04,06,07,08,09,10,11,12,13,14,15,16,17,19,21,22,23,25,26,27,31,33
蓝球杀五码 01,03,07,09,12
红球20码 01,02,03,04,06,07,08,10,11,12,14,15,16,17,21,23,25,26,27,33
红球双胆 11,23
红球三胆 11,12,23
蓝球定五码 02,05,10,11,16
红球12码 01,02,03,06,08,11,12,14,15,21,23,26
红球杀三码 24,29,30
红球龙头两码 01,02
红球凤尾两码 23,26
