==================狐王=================
红球独胆 33
蓝球定三码 01,10,15
红球杀六码 02,04,13,14,23,26
红球25码 01,03,05,06,07,08,09,10,11,12,15,16,17,18,19,20,22,24,25,27,28,29,30,31,33
蓝球杀五码 02,03,04,09,11
红球20码 01,03,05,06,07,08,09,11,12,17,18,20,22,24,25,27,28,30,31,33
红球双胆 03,33
红球三胆 03,24,33
蓝球定五码 01,05,06,10,15
红球12码 01,03,07,08,11,12,17,24,25,30,31,33
红球杀三码 02,04,23
红球龙头两码 01,03
红球凤尾两码 31,33
==================百事大吉=================
红球独胆 28
蓝球定三码 04,06,09
红球杀六码 11,16,18,21,22,29
红球25码 01,02,03,04,05,06,07,08,09,10,12,13,15,17,19,20,23,24,25,26,27,28,30,31,32
蓝球杀五码 01,03,08,11,16
红球20码 01,02,03,04,06,09,10,12,13,15,17,19,24,25,26,27,28,30,31,32
红球双胆 25,28
红球三胆 19,25,28
蓝球定五码 02,04,05,06,09
红球12码 02,03,09,10,13,15,17,19,25,26,28,32
红球杀三码 18,21,29
红球龙头两码 02,03
红球凤尾两码 28,32
==================西龙=================
红球独胆 09
蓝球定三码 07,09,14
红球杀六码 01,02,04,11,18,30
红球25码 05,07,08,09,10,12,13,14,15,16,17,19,20,21,22,23,24,25,26,27,28,29,31,32,33
蓝球杀五码 03,08,11,12,13
红球20码 07,09,10,12,14,15,16,17,19,20,21,22,23,24,25,27,28,31,32,33
红球双胆 09,33
红球三胆 09,25,33
蓝球定五码 02,05,07,09,14
红球12码 07,09,12,20,21,22,24,25,28,31,32,33
红球杀三码 01,04,18
红球龙头两码 07,09
红球凤尾两码 32,33
==================格兰雄狮=================
红球独胆 20
蓝球定三码 03,04,14
红球杀六码 13,15,23,24,27,31
红球25码 01,02,03,04,06,07,08,09,10,11,12,14,16,17,18,19,20,22,25,26,28,29,30,32,33
蓝球杀五码 06,08,09,10,13
红球20码 01,02,03,04,06,07,09,10,11,12,14,17,19,20,22,26,28,29,30,32
红球双胆 07,20
红球三胆 07,17,20
蓝球定五码 03,04,11,14,16
红球12码 02,03,06,07,09,12,14,17,19,20,28,30
红球杀三码 15,24,31
红球龙头两码 02,03
红球凤尾两码 28,30
==================西川达子=================
红球独胆 04
蓝球定三码 02,04,07
红球杀六码 01,02,06,09,25,26
红球25码 03,04,05,07,10,11,12,13,14,15,16,17,18,19,20,21,22,23,24,27,28,29,31,32,33
蓝球杀五码 01,08,13,14,16
红球20码 03,04,05,07,10,12,13,15,16,17,18,19,20,21,23,24,28,29,31,33
红球双胆 04,20
红球三胆 04,20,28
蓝球定五码 02,04,07,11,12
红球12码 03,04,05,10,13,18,20,21,23,28,31,33
红球杀三码 06,09,26
红球龙头两码 03,04
红球凤尾两码 31,33
==================薄彩在身=================
红球独胆 07
蓝球定三码 06,10,15
红球杀六码 06,08,26,28,31,32
红球25码 01,02,03,04,05,07,09,10,11,13,14,15,17,18,19,20,21,22,23,24,25,27,29,30,33
蓝球杀五码 05,08,09,12,13
红球20码 01,02,03,05,07,09,11,13,14,15,17,19,20,21,22,24,25,27,30,33
红球双胆 07,33
红球三胆 01,07,33
蓝球定五码 06,07,10,15,16
红球12码 01,03,05,07,13,15,17,19,20,22,30,33
红球杀三码 06,26,31
红球龙头两码 01,03
红球凤尾两码 30,33
==================东方卫视=================
红球独胆 24
蓝球定三码 03,06,15
红球杀六码 01,10,25,26,28,31
红球25码 02,03,04,05,06,07,08,09,11,12,13,14,15,17,18,20,21,22,23,24,27,29,30,32,33
蓝球杀五码 02,09,13,14,16
红球20码 02,04,05,06,08,09,11,12,13,17,18,21,22,23,24,27,29,30,32,33
红球双胆 11,24
红球三胆 11,17,24
蓝球定五码 03,06,07,11,15
红球12码 09,11,12,13,17,21,22,23,24,27,30,33
红球杀三码 01,26,31
红球龙头两码 09,11
红球凤尾两码 30,33
==================连连碰=================
红球独胆 07
蓝球定三码 05,06,09
红球杀六码 01,03,12,16,17,32
红球25码 04,05,06,07,08,09,10,11,13,14,15,18,19,20,21,22,23,24,25,26,27,28,29,30,31
蓝球杀五码 08,10,11,12,13
红球20码 04,05,06,07,08,09,11,13,14,15,19,21,22,23,25,26,28,29,30,31
红球双胆 07,15
红球三胆 07,14,15
蓝球定五码 05,06,09,14,16
红球12码 04,05,06,07,09,14,15,19,22,25,28,31
红球杀三码 01,16,17
红球龙头两码 04,05
红球凤尾两码 28,31
==================幽冉=================
红球独胆 26
蓝球定三码 04,06,15
红球杀六码 03,09,18,23,24,28
红球25码 01,02,04,06,07,08,11,12,13,14,15,16,17,19,20,21,22,25,26,27,29,30,31,32,33
蓝球杀五码 03,05,08,12,13
红球20码 01,02,04,06,07,12,13,14,16,17,19,20,21,25,26,27,29,31,32,33
红球双胆 26,33
红球三胆 25,26,33
蓝球定五码 04,06,09,10,15
红球12码 01,04,06,07,16,19,25,26,29,31,32,33
红球杀三码 03,23,24
红球龙头两码 01,04
红球凤尾两码 32,33
==================清风雪舞=================
红球独胆 11
蓝球定三码 02,04,13
红球杀六码 12,15,22,24,25,32
红球25码 01,02,04,05,06,07,09,10,11,13,14,16,17,18,19,20,21,23,26,27,28,29,30,31,33
蓝球杀五码 09,10,11,15,16
红球20码 01,04,05,06,07,09,10,11,13,14,16,17,18,20,23,27,29,30,31,33
红球双胆 11,13
红球三胆 11,13,27
蓝球定五码 02,04,05,07,13
红球12码 01,04,05,06,10,11,13,16,20,27,31,33
红球杀三码 15,24,32
红球龙头两码 01,04
红球凤尾两码 31,33
==================百炼成钢=================
红球独胆 05
蓝球定三码 03,06,09
红球杀六码 01,07,18,27,28,32
红球25码 02,03,04,05,06,08,09,10,11,12,13,14,15,16,17,19,20,21,22,24,25,26,30,31,33
蓝球杀五码 01,07,08,14,16
红球20码 02,03,04,05,06,08,10,11,12,13,14,15,17,19,21,22,24,25,26,33
红球双胆 05,21
红球三胆 05,08,21
蓝球定五码 03,05,06,09,12
红球12码 02,03,04,05,08,10,12,14,17,21,24,26
红球杀三码 07,18,32
红球龙头两码 02,03
红球凤尾两码 24,26
==================完美运程=================
红球独胆 20
蓝球定三码 10,15,16
红球杀六码 06,14,22,24,28,29
红球25码 01,02,03,04,05,07,08,10,11,12,13,15,16,17,18,19,20,21,23,25,27,30,31,32,33
蓝球杀五码 02,04,06,09,11
红球20码 01,02,03,04,07,08,10,12,13,17,18,20,21,23,25,27,30,31,32,33
红球双胆 18,20
红球三胆 18,20,32
蓝球定五码 05,10,13,15,16
红球12码 01,07,12,13,17,18,20,23,25,31,32,33
红球杀三码 14,24,29
红球龙头两码 01,07
红球凤尾两码 32,33
==================脱口秀=================
红球独胆 28
蓝球定三码 03,04,05
红球杀六码 07,10,11,22,27,29
红球25码 01,02,03,04,05,06,08,09,12,13,14,15,16,17,18,19,20,24,25,26,28,30,31,32,33
蓝球杀五码 06,07,10,13,15
红球20码 01,02,03,04,05,06,09,12,13,14,17,18,19,20,25,28,30,31,32,33
红球双胆 02,28
红球三胆 02,19,28
蓝球定五码 02,03,04,05,12
红球12码 02,04,06,12,14,17,19,20,25,28,30,32
红球杀三码 07,27,29
红球龙头两码 02,04
红球凤尾两码 30,32
==================法神=================
红球独胆 02
蓝球定三码 04,06,07
红球杀六码 05,07,12,15,31,32
红球25码 01,02,03,04,06,08,09,10,11,13,14,16,17,18,19,20,21,23,25,26,27,28,29,30,33
蓝球杀五码 03,05,09,13,14
红球20码 01,02,03,04,06,09,11,13,14,16,17,18,19,20,21,25,26,29,30,33
红球双胆 02,17
红球三胆 02,13,17
蓝球定五码 01,04,06,07,12
红球12码 02,03,04,06,13,14,16,17,25,29,30,33
红球杀三码 07,12,31
红球龙头两码 02,03
红球凤尾两码 30,33
==================惊天危机=================
红球独胆 26
蓝球定三码 04,08,12
红球杀六码 01,05,12,19,20,23
红球25码 02,03,04,06,08,09,10,11,13,14,15,16,17,18,21,24,25,26,27,28,29,30,31,32,33
蓝球杀五码 02,07,09,15,16
红球20码 03,04,06,08,09,10,11,14,15,16,17,18,21,24,26,28,30,31,32,33
红球双胆 15,26
红球三胆 04,15,26
蓝球定五码 03,04,08,10,12
红球12码 03,04,06,09,10,11,14,15,16,24,26,31
红球杀三码 12,20,23
红球龙头两码 03,04
红球凤尾两码 26,31
==================真心相待=================
红球独胆 08
蓝球定三码 04,09,15
红球杀六码 05,10,21,26,27,33
红球25码 01,03,04,06,07,08,09,11,12,13,14,15,16,17,19,20,22,23,24,25,28,29,30,31,32
蓝球杀五码 01,07,08,14,16
红球20码 01,03,04,06,07,08,09,12,14,15,16,19,20,22,24,28,29,30,31,32
红球双胆 08,29
红球三胆 08,29,32
蓝球定五码 03,04,09,13,15
红球12码 01,06,07,08,12,15,19,22,28,29,30,32
红球杀三码 05,21,33
红球龙头两码 01,06
红球凤尾两码 30,32
==================暗渡陈仓=================
红球独胆 14
蓝球定三码 02,09,14
红球杀六码 01,03,11,19,22,23
红球25码 02,04,05,06,07,08,09,10,12,13,14,15,16,17,20,21,24,25,26,27,28,29,30,31,32
蓝球杀五码 04,05,07,12,15
红球20码 02,04,05,06,08,09,10,12,13,14,15,16,17,21,24,25,26,27,28,29
红球双胆 14,29
红球三胆 10,14,29
蓝球定五码 02,09,10,11,14
红球12码 02,05,06,09,10,12,14,16,17,26,27,29
红球杀三码 03,19,22
红球龙头两码 02,05
红球凤尾两码 27,29
==================四通八达=================
红球独胆 12
蓝球定三码 02,04,14
红球杀六码 03,13,15,18,19,27
红球25码 01,02,04,05,06,07,09,10,11,12,14,16,17,21,22,23,24,25,26,28,29,30,31,32,33
蓝球杀五码 11,12,13,15,16
红球20码 01,02,04,05,06,07,10,11,12,14,16,17,21,22,25,26,28,29,32,33
红球双胆 12,25
红球三胆 11,12,25
蓝球定五码 01,02,04,10,14
红球12码 01,02,06,10,11,12,14,21,25,28,29,33
红球杀三码 13,18,27
红球龙头两码 01,02
红球凤尾两码 29,33
==================演绎人生=================
红球独胆 01
蓝球定三码 04,08,11
红球杀六码 02,05,11,15,20,30
红球25码 01,03,04,06,07,08,09,10,12,13,14,16,18,19,21,22,23,25,26,27,28,29,31,32,33
蓝球杀五码 01,02,07,10,14
红球20码 01,03,04,06,09,10,12,13,14,16,18,19,22,25,26,27,28,31,32,33
红球双胆 01,26
红球三胆 01,26,28
蓝球定五码 03,04,05,08,11
红球12码 01,09,10,13,14,16,18,25,26,27,28,32
红球杀三码 15,20,30
红球龙头两码 01,09
红球凤尾两码 28,32
==================第二神=================
红球独胆 16
蓝球定三码 09,14,15
红球杀六码 03,10,11,12,13,23
红球25码 01,02,04,05,08,09,14,15,16,17,18,19,20,21,22,24,25,26,27,28,29,30,31,32,33
蓝球杀五码 01,02,03,12,16
红球20码 01,02,04,08,14,15,16,17,18,19,21,25,26,27,28,29,30,31,32,33
红球双胆 16,18
红球三胆 08,16,18
蓝球定五码 04,06,09,14,15
红球12码 04,08,14,16,17,18,21,25,28,29,30,32
红球杀三码 11,12,23
红球龙头两码 04,08
红球凤尾两码 30,32
==================潮人=================
红球独胆 21
蓝球定三码 07,10,12
红球杀六码 03,05,06,13,24,26
红球25码 01,02,04,07,08,09,10,11,12,14,15,16,17,18,19,20,21,22,23,25,27,28,29,32,33
蓝球杀五码 01,09,11,14,16
红球20码 01,02,04,07,09,11,12,14,15,16,17,18,19,21,22,25,27,29,32,33
红球双胆 21,25
红球三胆 11,21,25
蓝球定五码 02,04,07,10,12
红球12码 04,11,12,14,15,18,21,22,25,27,32,33
红球杀三码 03,05,24
红球龙头两码 04,11
红球凤尾两码 32,33
==================称心码=================
红球独胆 18
蓝球定三码 03,08,09
红球杀六码 03,05,06,07,11,30
红球25码 01,02,04,08,09,10,12,13,14,15,16,17,18,19,20,21,22,23,24,25,26,27,28,29,32
蓝球杀五码 01,06,13,14,16
红球20码 01,02,08,09,12,14,15,16,17,18,19,20,21,23,24,25,26,27,28,29
红球双胆 18,20
红球三胆 17,18,20
蓝球定五码 03,08,09,10,12
红球12码 01,09,12,14,15,16,17,18,19,20,23,27
红球杀三码 03,06,07
红球龙头两码 01,09
红球凤尾两码 23,27
==================小糖人=================
红球独胆 28
蓝球定三码 04,11,12
红球杀六码 02,15,21,22,31,32
红球25码 01,03,04,05,06,07,08,09,10,11,12,14,16,17,18,19,20,23,24,25,26,27,28,29,33
蓝球杀五码 02,07,09,13,15
红球20码 03,05,06,07,08,09,11,12,14,16,17,18,20,23,25,26,27,28,29,33
红球双胆 28,29
红球三胆 11,28,29
蓝球定五码 01,04,11,12,14
红球12码 03,06,09,11,17,18,20,23,25,26,28,29
红球杀三码 02,21,22
红球龙头两码 03,06
红球凤尾两码 28,29
==================火力全开=================
红球独胆 07
蓝球定三码 08,09,10
红球杀六码 05,06,09,25,26,29
红球25码 01,02,03,04,07,08,10,11,12,13,14,15,16,17,18,19,20,21,22,23,24,27,30,31,33
蓝球杀五码 01,02,03,05,07
红球20码 01,02,03,04,07,08,11,12,13,14,15,16,18,20,22,23,24,27,30,33
红球双胆 07,23
红球三胆 02,07,23
蓝球定五码 06,08,09,10,11
红球12码 01,02,03,07,11,12,16,22,23,27,30,33
红球杀三码 06,09,29
红球龙头两码 01,02
红球凤尾两码 30,33
==================天宇=================
红球独胆 20
蓝球定三码 02,07,16
红球杀六码 03,04,06,12,14,18
红球25码 01,02,05,07,08,09,10,11,13,15,16,17,19,20,21,22,23,24,25,26,27,29,30,31,33
蓝球杀五码 05,10,11,13,15
红球20码 01,02,05,07,08,09,10,11,13,15,17,19,20,22,23,24,26,27,29,30
红球双胆 15,20
红球三胆 15,20,24
蓝球定五码 02,07,08,14,16
红球12码 01,05,07,10,11,13,15,20,23,24,27,29
红球杀三码 04,12,14
红球龙头两码 01,05
红球凤尾两码 27,29
==================小仙女=================
红球独胆 29
蓝球定三码 05,14,15
红球杀六码 09,10,18,19,24,28
红球25码 01,02,03,04,05,06,07,08,12,13,14,15,16,17,20,21,22,23,26,27,29,30,31,32,33
蓝球杀五码 06,07,09,11,13
红球20码 01,02,03,04,05,06,07,08,12,14,15,16,17,21,22,27,29,30,32,33
红球双胆 03,29
红球三胆 03,07,29
蓝球定五码 03,04,05,14,15
红球12码 01,03,04,06,07,12,14,16,21,22,29,32
红球杀三码 18,24,28
红球龙头两码 01,03
红球凤尾两码 29,32
==================军师吴用=================
红球独胆 22
蓝球定三码 11,15,16
红球杀六码 02,12,17,23,30,32
红球25码 01,03,04,05,06,07,08,09,10,11,14,15,16,18,19,20,21,22,24,25,26,27,29,31,33
蓝球杀五码 07,10,12,13,14
红球20码 01,04,05,06,07,08,10,14,15,16,20,21,22,24,25,26,27,29,31,33
红球双胆 04,22
红球三胆 04,10,22
蓝球定五码 03,05,11,15,16
红球12码 04,05,07,10,14,15,20,22,24,26,27,31
红球杀三码 02,12,30
红球龙头两码 04,05
红球凤尾两码 27,31
==================李寒=================
红球独胆 32
蓝球定三码 04,06,12
红球杀六码 02,06,13,21,22,24
红球25码 01,03,04,05,07,08,09,10,11,14,15,16,17,18,19,20,23,25,26,27,29,30,31,32,33
蓝球杀五码 01,02,03,07,09
红球20码 01,03,05,07,08,09,10,11,14,15,17,18,19,23,25,26,29,30,31,32
红球双胆 29,32
红球三胆 03,29,32
蓝球定五码 04,06,11,12,13
红球12码 03,05,09,11,15,18,19,25,26,29,30,32
红球杀三码 02,13,21
红球龙头两码 03,05
红球凤尾两码 30,32
==================西坝=================
红球独胆 33
蓝球定三码 01,10,12
红球杀六码 02,10,16,24,30,32
红球25码 01,03,04,05,06,07,09,11,12,13,14,15,17,18,19,20,21,22,25,26,27,28,29,31,33
蓝球杀五码 02,07,08,09,13
红球20码 01,03,04,05,06,07,09,11,12,14,17,18,20,21,25,27,28,29,31,33
红球双胆 17,33
红球三胆 09,17,33
蓝球定五码 01,06,10,12,16
红球12码 01,03,05,07,09,12,17,21,25,27,31,33
红球杀三码 16,30,32
红球龙头两码 01,03
红球凤尾两码 31,33
==================丹姿=================
红球独胆 31
蓝球定三码 07,11,15
红球杀六码 08,12,15,18,19,27
红球25码 01,03,04,05,06,07,09,10,11,13,14,16,17,20,21,22,23,24,25,26,29,30,31,32,33
蓝球杀五码 03,04,05,12,14
红球20码 01,03,06,07,09,10,11,13,14,16,17,21,22,23,24,26,30,31,32,33
红球双胆 13,31
红球三胆 01,13,31
蓝球定五码 07,09,11,13,15
红球12码 01,03,06,09,13,14,17,21,30,31,32,33
红球杀三码 08,12,19
红球龙头两码 01,03
红球凤尾两码 32,33
==================巫妖=================
红球独胆 31
蓝球定三码 10,11,14
红球杀六码 01,06,10,12,25,29
红球25码 02,03,04,07,08,09,11,13,14,15,16,17,18,19,21,22,23,24,26,27,28,30,31,32,33
蓝球杀五码 02,07,08,12,13
红球20码 02,07,08,09,11,14,15,17,18,19,22,23,24,26,27,28,30,31,32,33
红球双胆 22,31
红球三胆 11,22,31
蓝球定五码 01,04,10,11,14
红球12码 02,07,08,09,11,15,22,24,28,31,32,33
红球杀三码 10,12,25
红球龙头两码 02,07
红球凤尾两码 32,33
==================寻雾=================
红球独胆 17
蓝球定三码 03,06,08
红球杀六码 04,10,21,25,26,33
红球25码 01,02,03,05,06,07,08,09,11,12,13,14,15,16,17,18,19,20,23,27,28,29,30,31,32
蓝球杀五码 01,11,13,14,15
红球20码 01,02,03,05,08,09,11,12,13,14,15,16,17,18,19,20,27,28,29,32
红球双胆 16,17
红球三胆 16,17,18
蓝球定五码 03,06,08,09,16
红球12码 01,02,08,11,14,15,16,17,18,19,27,28
红球杀三码 04,21,26
红球龙头两码 01,02
红球凤尾两码 27,28
==================彩天地=================
红球独胆 19
蓝球定三码 09,13,16
红球杀六码 07,08,15,24,25,26
红球25码 02,03,04,05,06,09,10,11,12,13,14,16,17,18,19,20,21,22,23,27,28,29,30,31,33
蓝球杀五码 03,07,12,14,15
红球20码 02,03,04,05,09,11,12,14,16,18,19,20,21,22,23,28,29,30,31,33
红球双胆 19,21
红球三胆 04,19,21
蓝球定五码 02,06,09,13,16
红球12码 04,05,09,11,14,19,20,21,23,29,31,33
红球杀三码 07,08,26
红球龙头两码 04,05
红球凤尾两码 31,33
==================莫天命=================
红球独胆 17
蓝球定三码 07,14,16
红球杀六码 11,15,19,23,29,32
红球25码 01,02,03,04,05,06,07,09,10,12,13,16,17,18,20,21,22,24,25,26,27,28,30,31,33
蓝球杀五码 05,06,09,10,15
红球20码 01,02,03,04,05,06,07,09,12,16,17,18,20,21,25,26,27,28,30,31
红球双胆 17,21
红球三胆 12,17,21
蓝球定五码 01,07,11,14,16
红球12码 01,02,04,12,16,17,18,20,21,26,28,31
红球杀三码 19,23,32
红球龙头两码 01,02
红球凤尾两码 28,31
==================双色球达人=================
红球独胆 14
蓝球定三码 03,04,05
红球杀六码 04,07,15,18,20,24
红球25码 01,03,05,06,08,09,10,11,12,13,14,16,17,19,21,22,23,25,26,27,28,29,30,31,32
蓝球杀五码 08,11,12,13,16
红球20码 03,05,06,08,09,11,12,13,14,16,17,19,21,22,23,25,27,28,29,30
红球双胆 14,29
红球三胆 14,27,29
蓝球定五码 01,03,04,05,06
红球12码 03,05,06,13,14,16,17,21,22,23,27,29
红球杀三码 04,15,24
红球龙头两码 03,05
红球凤尾两码 27,29
==================小豆豆=================
红球独胆 07
蓝球定三码 04,06,12
红球杀六码 05,13,18,19,23,31
红球25码 01,02,03,04,06,07,08,09,10,11,12,14,15,16,20,21,22,24,25,26,27,28,29,30,33
蓝球杀五码 02,11,13,14,16
红球20码 01,02,03,04,07,08,09,10,11,12,16,20,21,24,25,26,27,28,29,30
红球双胆 07,30
红球三胆 07,29,30
蓝球定五码 03,04,06,07,12
红球12码 02,04,07,08,10,12,16,20,21,24,29,30
红球杀三码 18,23,31
红球龙头两码 02,04
红球凤尾两码 29,30
==================痛并快乐=================
红球独胆 08
蓝球定三码 08,13,14
红球杀六码 10,15,21,22,29,31
红球25码 01,02,03,04,05,06,07,08,09,11,14,16,17,18,19,20,23,24,25,26,27,28,30,32,33
蓝球杀五码 02,03,04,07,10
红球20码 01,02,04,05,07,08,11,14,16,17,18,19,20,23,24,25,26,27,30,32
红球双胆 08,14
红球三胆 08,14,20
蓝球定五码 01,08,12,13,14
红球12码 02,04,07,08,11,14,16,17,20,23,26,30
红球杀三码 15,21,31
红球龙头两码 02,04
红球凤尾两码 26,30
==================助力=================
红球独胆 01
蓝球定三码 10,16,04
红球杀六码 30,23,18,09,15,26
红球25码 01,11,32,08,25,03,10,28,02,20,22,06,07,12,16,31,13,27,05,21,19,14,29,24,17
蓝球杀五码 15,12,13,07,08
红球20码 01,11,32,08,25,03,10,28,02,20,22,06,07,12,16,31,13,27,05,21
红球双胆 01,11
红球三胆 01,11,32
蓝球定五码 10,16,04,09,06
红球12码 01,11,32,08,25,03,10,28,02,20,22,06
红球杀三码 30,23,18
红球龙头两码 01,02
红球凤尾两码 28,32
==================忘忧草=================
红球独胆 02
蓝球定三码 06,12,16
红球杀六码 01,04,14,16,24,29
红球25码 02,03,05,06,07,09,11,12,13,15,17,18,19,20,21,22,23,25,26,27,28,30,31,32,33
蓝球杀五码 04,05,11,13,14
红球20码 02,05,06,11,12,13,15,18,19,20,21,22,23,25,26,27,28,30,31,33
红球双胆 02,31
红球三胆 02,22,31
蓝球定五码 02,06,08,12,16
红球12码 02,06,11,13,15,19,20,22,23,25,27,31
红球杀三码 04,14,16
红球龙头两码 02,06
红球凤尾两码 27,31
==================万神=================
红球独胆 20
蓝球定三码 11,12,14
红球杀六码 05,10,16,25,27,31
红球25码 01,04,06,07,08,09,11,12,13,14,15,17,18,19,20,21,22,23,24,26,28,29,30,32,33
蓝球杀五码 01,07,08,09,15
红球20码 01,04,06,08,09,11,12,13,14,15,18,20,21,22,23,24,26,28,29,33
红球双胆 20,28
红球三胆 18,20,28
蓝球定五码 02,10,11,12,14
红球12码 01,09,11,12,18,20,21,22,24,26,28,29
红球杀三码 16,27,31
红球龙头两码 01,09
红球凤尾两码 28,29
==================谁与争锋=================
红球独胆 23
蓝球定三码 01,05,13
红球杀六码 02,13,18,25,30,32
红球25码 01,03,04,05,06,07,08,09,11,12,14,15,16,17,19,20,21,22,23,24,27,28,29,31,33
蓝球杀五码 02,08,10,12,16
红球20码 03,04,05,06,07,08,09,11,12,14,15,16,17,19,20,23,24,27,29,31
红球双胆 20,23
红球三胆 12,20,23
蓝球定五码 01,05,11,13,15
红球12码 03,04,05,11,12,15,17,19,20,23,24,29
红球杀三码 13,18,30
红球龙头两码 03,04
红球凤尾两码 24,29
==================天之骄子=================
红球独胆 29
蓝球定三码 05,06,16
红球杀六码 01,14,15,24,28,33
红球25码 02,03,04,07,08,09,10,11,12,13,16,17,18,19,20,21,22,23,25,26,27,29,30,31,32
蓝球杀五码 02,04,07,13,14
红球20码 02,03,04,09,10,11,13,16,17,19,20,22,23,25,26,27,29,30,31,32
红球双胆 09,29
红球三胆 03,09,29
蓝球定五码 05,06,10,12,16
红球12码 03,09,11,19,23,25,26,27,29,30,31,32
红球杀三码 14,24,28
红球龙头两码 03,09
红球凤尾两码 31,32
==================蜗蜗牛=================
红球独胆 04
蓝球定三码 02,08,14
红球杀六码 01,05,09,22,30,33
红球25码 02,03,04,06,07,08,10,11,12,13,15,16,18,19,20,21,23,24,25,26,27,28,29,31,32
蓝球杀五码 04,06,07,10,16
红球20码 02,03,04,06,07,08,10,11,13,15,18,19,21,24,25,26,27,29,31,32
红球双胆 04,13
红球三胆 04,13,18
蓝球定五码 02,05,08,11,14
红球12码 03,04,06,13,15,18,21,24,26,27,31,32
红球杀三码 01,05,33
红球龙头两码 03,04
红球凤尾两码 31,32
==================维迪尔=================
红球独胆 11
蓝球定三码 05,07,15
红球杀六码 02,03,15,17,30,33
红球25码 01,04,05,06,07,08,09,10,11,12,13,14,18,19,20,21,22,23,24,25,26,27,28,29,31
蓝球杀五码 01,03,06,11,16
红球20码 04,05,07,10,11,12,13,14,18,19,20,21,22,23,24,25,27,28,29,31
红球双胆 11,18
红球三胆 11,13,18
蓝球定五码 02,05,07,09,15
红球12码 04,11,13,18,19,20,21,22,24,25,28,31
红球杀三码 15,17,33
红球龙头两码 04,11
红球凤尾两码 28,31
==================孤雁看胆=================
红球独胆 10
蓝球定三码 08,09,12
红球杀六码 03,09,11,15,28,31
红球25码 01,02,04,05,06,07,08,10,12,13,14,16,17,18,19,20,21,22,23,24,25,26,27,29,32
蓝球杀五码 03,04,10,11,14
红球20码 01,02,04,05,06,07,08,10,13,14,16,17,18,19,20,21,25,26,27,29
红球双胆 10,14
红球三胆 02,10,14
蓝球定五码 01,02,08,09,12
红球12码 02,04,05,06,07,08,10,13,14,18,19,25
红球杀三码 09,28,31
红球龙头两码 02,04
红球凤尾两码 19,25
