==================飞花潇雪=================
红球独胆 22
蓝球定三码 03,10,13
红球杀六码 02
红球25码 04,05,06,07,08,12,14,15,16,17,18,19,20,21,22,25,26,27,29,32,33
蓝球杀五码 06,08,11,12,16
红球20码 04,05,06,08,14,15,17,18,19,20,22,25,26,27,32,33
红球双胆 06,22
红球三胆 06,22
蓝球定五码 03,04,07,10,13
红球12码 06,08,17,18,19,20,22,25,27
红球杀三码 01,23,24
红球龙头两码 06,08
红球凤尾两码 27
==================狐王=================
红球独胆 09
蓝球定三码 06,07,14
红球杀六码 04,16,21,29,30,31
红球25码 01,02,03,06,07,08,09,10,11,12,13,14,15,17,18,19,20,22,24,25,26,27,28,32,33
蓝球杀五码 02,04,05,10,16
红球20码 01,02,03,06,07,08,09,10,11,14,15,18,19,20,22,24,25,26,27,33
红球双胆 09,15
红球三胆 09,15,19
蓝球定五码 06,07,08,12,14
红球12码 01,03,06,07,09,10,11,14,15,19,20,33
红球杀三码 04,16,29
红球龙头两码 01,03
红球凤尾两码 20,33
==================连连碰=================
红球独胆 03
蓝球定三码 01,03,13
红球杀六码 01,02,07,14,22,26
红球25码 03,04,05,06,08,09,10,11,12,13,15,16,18,19,20,21,23,24,27,28,29,30,31,32,33
蓝球杀五码 04,09,11,14,16
红球20码 03,04,05,06,08,09,10,12,13,15,16,18,20,21,23,24,28,30,31,32
红球双胆 03,28
红球三胆 03,04,28
蓝球定五码 01,03,10,13,15
红球12码 03,04,05,06,08,09,18,20,21,24,28,30
红球杀三码 01,07,26
红球龙头两码 03,04
红球凤尾两码 28,30
==================西龙=================
红球独胆 09
蓝球定三码 04,07,15
红球杀六码 01,13,16,20,24,27
红球25码 02,03,04,05,06,07,08,09,10,11,12,15,17,18,19,21,22,23,25,26,28,29,30,32,33
蓝球杀五码 10,12,13,14,16
红球20码 02,04,06,07,09,10,11,12,17,18,19,21,22,23,26,28,29,30,32,33
红球双胆 07,09
红球三胆 07,09,30
蓝球定五码 03,04,06,07,15
红球12码 06,07,09,10,17,19,22,23,26,28,29,30
红球杀三码 13,20,27
红球龙头两码 06,07
红球凤尾两码 29,30
==================称心码=================
红球独胆 21
蓝球定三码 12,13,15
红球杀六码 16,22,24,26,30,31
红球25码 01,02,03,04,05,06,07,08,09,10,11,12,14,15,17,18,20,21,23,25,27,28,29,32,33
蓝球杀五码 02,07,09,10,14
红球20码 01,02,03,06,07,08,10,11,12,14,15,17,18,20,21,25,27,28,29,32
红球双胆 21,25
红球三胆 02,21,25
蓝球定五码 01,11,12,13,15
红球12码 01,02,06,07,12,17,18,20,21,25,27,32
红球杀三码 24,26,30
红球龙头两码 01,02
红球凤尾两码 27,32
==================格兰雄狮=================
红球独胆 06
蓝球定三码 01,05,07
红球杀六码 01,11,12,13,26,30
红球25码 02,04,05,06,07,08,09,10,14,15,16,17,19,20,21,22,23,24,25,27,28,29,31,32,33
蓝球杀五码 02,03,06,08,13
红球20码 02,04,05,06,07,08,09,10,14,15,16,17,19,22,25,28,29,31,32,33
红球双胆 06,25
红球三胆 06,07,25
蓝球定五码 01,05,07,09,15
红球12码 02,05,06,07,08,10,14,15,25,29,32,33
红球杀三码 11,12,30
红球龙头两码 02,05
红球凤尾两码 32,33
==================第二神=================
红球独胆 26
蓝球定三码 06,07,13
红球杀六码 04,08,15,16,19,22
红球25码 01,02,03,05,09,10,11,12,13,14,17,18,20,21,23,24,25,26,27,28,29,30,31,32,33
蓝球杀五码 10,12,14,15,16
红球20码 01,03,09,10,11,13,14,17,20,21,23,24,26,27,28,29,30,31,32,33
红球双胆 26,28
红球三胆 26,28,32
蓝球定五码 04,06,07,09,13
红球12码 03,10,17,21,23,24,26,28,29,31,32,33
红球杀三码 16,19,22
红球龙头两码 03,10
红球凤尾两码 32,33
==================潮人=================
红球独胆 05
蓝球定三码 03,04,14
红球杀六码 02,07,18,24,25,28
红球25码 01,03,04,05,06,08,09,10,11,12,13,14,15,16,17,19,20,22,23,26,27,29,31,32,33
蓝球杀五码 05,09,10,15,16
红球20码 01,03,04,05,06,08,09,10,12,14,15,17,19,20,23,26,27,29,31,32
红球双胆 05,29
红球三胆 05,06,29
蓝球定五码 01,02,03,04,14
红球12码 01,03,05,06,09,10,12,15,19,23,27,29
红球杀三码 02,07,18
红球龙头两码 01,03
红球凤尾两码 27,29
==================幽冉=================
红球独胆 28
蓝球定三码 02,10,15
红球杀六码 04,08,11,15,20,29
红球25码 01,02,03,05,06,07,09,10,12,13,14,16,17,18,19,21,22,23,25,26,27,28,31,32,33
蓝球杀五码 01,07,08,14,16
红球20码 01,02,03,05,06,07,10,13,14,17,18,19,23,25,26,27,28,31,32,33
红球双胆 14,28
红球三胆 14,27,28
蓝球定五码 02,05,10,11,15
红球12码 05,06,07,10,13,14,18,19,23,26,27,28
红球杀三码 15,20,29
红球龙头两码 05,06
红球凤尾两码 27,28
==================惊天危机=================
红球独胆 22
蓝球定三码 07,11,15
红球杀六码 15,16,20,21,27,28
红球25码 01,02,03,04,05,06,07,08,09,10,11,12,14,17,18,19,22,23,25,26,29,30,31,32,33
蓝球杀五码 04,05,06,12,16
红球20码 01,02,03,04,05,07,08,10,11,12,14,17,18,19,22,23,25,30,32,33
红球双胆 22,23
红球三胆 03,22,23
蓝球定五码 07,09,11,14,15
红球12码 01,03,04,08,11,12,17,19,22,23,25,30
红球杀三码 16,20,27
红球龙头两码 01,03
红球凤尾两码 25,30
==================巫妖=================
红球独胆 02
蓝球定三码 08,09,11
红球杀六码 04,05,12,24,27,31
红球25码 01,02,03,06,07,08,09,10,11,14,15,16,17,18,19,20,21,22,23,25,26,28,29,30,32
蓝球杀五码 02,06,14,15,16
红球20码 02,03,07,08,09,10,11,14,15,16,17,19,20,21,22,23,26,28,29,30
红球双胆 02,08
红球三胆 02,08,16
蓝球定五码 08,09,10,11,13
红球12码 02,07,08,11,15,16,21,23,26,28,29,30
红球杀三码 04,05,24
红球龙头两码 02,07
红球凤尾两码 29,30
==================天宇=================
红球独胆 12
蓝球定三码 04,12,16
红球杀六码 05,09,13,14,22,25
红球25码 01,02,03,04,06,07,08,10,11,12,15,16,17,18,19,20,21,23,24,26,27,28,29,31,32
蓝球杀五码 02,03,09,11,14
红球20码 01,02,03,04,06,07,11,12,15,16,17,18,19,20,21,23,24,26,27,28
红球双胆 01,12
红球三胆 01,12,19
蓝球定五码 04,06,12,15,16
红球12码 01,06,07,12,16,17,18,19,20,21,27,28
红球杀三码 05,14,22
红球龙头两码 01,06
红球凤尾两码 27,28
==================四通八达=================
红球独胆 05
蓝球定三码 03,05,08
红球杀六码 07,08,25,27,30,32
红球25码 01,02,04,05,06,09,10,11,12,14,15,16,17,18,19,20,21,22,23,24,26,28,29,31,33
蓝球杀五码 04,07,12,15,16
红球20码 01,04,05,06,10,11,12,14,15,17,18,19,20,22,23,24,26,28,29,31
红球双胆 05,20
红球三胆 05,15,20
蓝球定五码 03,05,08,09,11
红球12码 01,04,05,11,12,15,17,19,20,22,23,31
红球杀三码 07,25,32
红球龙头两码 01,04
红球凤尾两码 23,31
==================清风雪舞=================
红球独胆 15
蓝球定三码 01,06,16
红球杀六码 05,12,17,23,24,33
红球25码 01,02,03,06,07,08,09,10,11,13,14,15,16,18,19,20,21,22,25,27,28,29,30,31,32
蓝球杀五码 04,05,08,09,11
红球20码 01,02,03,06,07,08,09,10,11,15,18,19,20,21,22,25,27,28,29,31
红球双胆 15,19
红球三胆 02,15,19
蓝球定五码 01,06,13,14,16
红球12码 01,02,06,09,10,15,18,19,20,22,29,31
红球杀三码 05,12,33
红球龙头两码 01,02
红球凤尾两码 29,31
==================百炼成钢=================
红球独胆 03
蓝球定三码 01,06,15
红球杀六码 01,05,08,10,13,30
红球25码 02,03,04,06,07,09,11,12,14,15,16,17,18,19,20,21,22,23,26,27,28,29,31,32,33
蓝球杀五码 02,03,11,13,16
红球20码 02,03,04,06,07,09,11,14,15,16,17,18,19,20,22,23,26,28,31,33
红球双胆 03,06
红球三胆 03,06,31
蓝球定五码 01,06,07,12,15
红球12码 02,03,06,07,09,11,15,17,18,22,23,31
红球杀三码 01,13,30
红球龙头两码 02,03
红球凤尾两码 23,31
==================薄彩在身=================
红球独胆 19
蓝球定三码 03,05,16
红球杀六码 09,17,18,22,23,27
红球25码 01,02,03,04,05,06,07,08,10,11,12,13,14,15,16,19,20,21,25,26,29,30,31,32,33
蓝球杀五码 09,10,11,14,15
红球20码 01,02,04,05,06,07,08,11,13,15,16,19,20,25,26,29,30,31,32,33
红球双胆 01,19
红球三胆 01,19,32
蓝球定五码 03,05,07,13,16
红球12码 01,02,06,11,13,15,16,19,29,30,32,33
红球杀三码 09,17,27
红球龙头两码 01,02
红球凤尾两码 32,33
==================百事大吉=================
红球独胆 26
蓝球定三码 10,14,16
红球杀六码 02,09,22,23,25,28
红球25码 01,03,04,05,06,07,11,12,13,14,15,16,17,18,19,20,21,24,26,27,29,30,31,32,33
蓝球杀五码 04,05,09,13,15
红球20码 01,04,05,06,11,13,14,15,16,18,19,20,21,24,26,27,29,30,32,33
红球双胆 21,26
红球三胆 14,21,26
蓝球定五码 01,08,10,14,16
红球12码 04,05,11,13,14,16,21,24,26,29,32,33
红球杀三码 02,22,23
红球龙头两码 04,05
红球凤尾两码 32,33
==================东方卫视=================
红球独胆 21
蓝球定三码 05,12,16
红球杀六码 05,07,19,20,27,28
红球25码 01,02,03,04,06,08,09,10,11,12,13,14,15,16,18,21,22,23,24,26,29,30,31,32,33
蓝球杀五码 08,10,11,14,15
红球20码 01,02,04,08,10,11,12,13,14,15,16,18,21,22,24,26,29,30,32,33
红球双胆 21,22
红球三胆 10,21,22
蓝球定五码 02,04,05,12,16
红球12码 01,02,10,11,12,15,16,18,21,22,29,32
红球杀三码 05,07,19
红球龙头两码 01,02
红球凤尾两码 29,32
==================完美运程=================
红球独胆 03
蓝球定三码 05,06,11
红球杀六码 04,07,20,21,22,23
红球25码 01,02,03,05,06,08,09,11,12,13,14,15,16,17,18,19,25,26,27,28,29,30,31,32,33
蓝球杀五码 01,02,03,13,16
红球20码 01,02,03,05,06,08,09,11,13,16,17,18,19,25,26,27,28,30,31,32
红球双胆 03,27
红球三胆 03,27,31
蓝球定五码 05,06,07,10,11
红球12码 01,02,03,05,13,16,18,19,26,27,31,32
红球杀三码 04,07,20
红球龙头两码 01,02
红球凤尾两码 31,32
==================西川达子=================
红球独胆 13
蓝球定三码 04,06,08
红球杀六码 05,09,11,15,22,23
红球25码 02,03,04,06,07,08,12,13,14,16,17,18,19,20,21,24,25,26,27,28,29,30,31,32,33
蓝球杀五码 02,05,07,11,13
红球20码 03,04,06,07,12,13,14,16,17,19,24,25,26,27,28,29,30,31,32,33
红球双胆 03,13
红球三胆 03,13,29
蓝球定五码 04,06,08,09,14
红球12码 03,12,13,14,16,25,27,29,30,31,32,33
红球杀三码 09,15,23
红球龙头两码 03,12
红球凤尾两码 32,33
==================演绎人生=================
红球独胆 16
蓝球定三码 06,08,09
红球杀六码 02,06,11,13,26,30
红球25码 01,03,04,05,07,09,10,12,14,15,16,17,18,19,20,21,22,23,24,25,27,28,31,32,33
蓝球杀五码 01,12,14,15,16
红球20码 01,03,04,05,07,09,10,12,14,15,16,18,19,21,22,23,24,31,32,33
红球双胆 16,19
红球三胆 15,16,19
蓝球定五码 06,07,08,09,10
红球12码 01,03,04,07,10,15,16,18,19,24,32,33
红球杀三码 06,11,13
红球龙头两码 01,03
红球凤尾两码 32,33
==================脱口秀=================
红球独胆 29
蓝球定三码 02,06,09
红球杀六码 02,04,08,11,16,27
红球25码 01,03,05,06,07,09,10,12,13,14,15,17,18,19,20,22,23,24,25,28,29,30,31,32,33
蓝球杀五码 04,07,10,12,14
红球20码 01,03,05,06,10,12,13,14,15,18,19,20,22,23,24,29,30,31,32,33
红球双胆 29,33
红球三胆 19,29,33
蓝球定五码 02,06,09,11,15
红球12码 12,13,15,18,19,20,23,24,29,31,32,33
红球杀三码 02,08,16
红球龙头两码 12,13
红球凤尾两码 32,33
==================蜗蜗牛=================
红球独胆 25
蓝球定三码 06,10,12
红球杀六码 01,04,22,27,29,31
红球25码 02,03,05,06,07,08,09,10,11,12,13,14,15,16,17,18,19,20,23,24,25,26,28,32,33
蓝球杀五码 02,08,09,14,16
红球20码 02,03,05,07,09,10,11,12,13,14,16,17,19,20,23,24,25,26,32,33
红球双胆 13,25
红球三胆 10,13,25
蓝球定五码 03,06,10,12,13
红球12码 02,09,10,12,13,16,19,20,24,25,26,32
红球杀三码 04,29,31
红球龙头两码 02,09
红球凤尾两码 26,32
==================法神=================
红球独胆 29
蓝球定三码 09,13,15
红球杀六码 07,08,13,14,15,23
红球25码 01,02,03,04,05,06,09,10,11,12,16,17,18,19,20,21,22,24,25,26,27,28,29,31,32
蓝球杀五码 01,04,05,08,10
红球20码 01,02,04,05,06,09,10,11,12,16,17,19,20,22,26,27,28,29,31,32
红球双胆 09,29
红球三胆 09,16,29
蓝球定五码 09,11,13,14,15
红球12码 01,05,06,09,12,16,20,22,27,29,31,32
红球杀三码 08,14,23
红球龙头两码 01,05
红球凤尾两码 31,32
==================丹姿=================
红球独胆 33
蓝球定三码 07,10,11
红球杀六码 01,05,15,26,27,31
红球25码 02,03,04,06,07,09,10,11,12,13,14,16,17,18,19,20,22,23,24,25,28,29,30,32,33
蓝球杀五码 01,04,05,08,09
红球20码 02,03,04,06,07,10,11,12,13,14,16,17,19,20,22,23,24,29,32,33
红球双胆 23,33
红球三胆 04,23,33
蓝球定五码 07,10,11,12,15
红球12码 02,04,07,10,11,14,20,22,23,24,32,33
红球杀三码 26,27,31
红球龙头两码 02,04
红球凤尾两码 32,33
==================痛并快乐=================
红球独胆 22
蓝球定三码 02,07,15
红球杀六码 15,16,23,28,31,32
红球25码 01,02,03,04,05,06,07,08,09,10,11,12,14,18,19,20,21,22,24,25,26,27,29,30,33
蓝球杀五码 08,10,11,12,16
红球20码 02,03,04,05,06,07,08,09,11,12,14,18,19,20,21,22,25,26,30,33
红球双胆 21,22
红球三胆 06,21,22
蓝球定五码 01,02,06,07,15
红球12码 02,03,04,06,11,18,19,21,22,25,26,30
红球杀三码 15,16,31
红球龙头两码 02,03
红球凤尾两码 26,30
==================真心相待=================
红球独胆 06
蓝球定三码 05,10,12
红球杀六码 04,09,11,16,20,31
红球25码 01,02,05,06,07,10,12,13,14,15,17,18,19,21,22,23,24,25,26,27,28,29,30,32,33
蓝球杀五码 01,06,07,14,16
红球20码 02,05,06,07,10,12,13,14,15,17,18,19,21,23,24,25,29,30,32,33
红球双胆 06,10
红球三胆 02,06,10
蓝球定五码 03,05,10,12,15
红球12码 02,06,07,10,12,15,19,21,24,25,30,32
红球杀三码 09,11,16
红球龙头两码 02,06
红球凤尾两码 30,32
==================火力全开=================
红球独胆 22
蓝球定三码 03,08,14
红球杀六码 04,05,07,25,28,31
红球25码 01,02,03,06,08,09,11,12,13,14,15,16,17,18,19,20,21,22,23,24,26,27,29,32,33
蓝球杀五码 01,09,11,13,16
红球20码 01,03,06,08,09,13,14,15,17,18,19,20,21,22,23,24,26,27,29,33
红球双胆 18,22
红球三胆 17,18,22
蓝球定五码 03,07,08,10,14
红球12码 03,06,08,14,17,18,20,22,24,27,29,33
红球杀三码 05,28,31
红球龙头两码 03,06
红球凤尾两码 29,33
==================暗渡陈仓=================
红球独胆 20
蓝球定三码 10,11,16
红球杀六码 02,08,12,21,22,32
红球25码 01,04,05,06,07,09,10,11,13,14,15,16,17,18,19,20,23,24,25,26,27,28,30,31,33
蓝球杀五码 01,03,05,07,12
红球20码 01,04,05,06,07,09,10,13,14,15,16,17,18,19,20,23,24,28,30,33
红球双胆 01,20
红球三胆 01,09,20
蓝球定五码 02,04,10,11,16
红球12码 01,06,07,09,10,14,15,17,18,20,28,33
红球杀三码 12,22,32
红球龙头两码 01,06
红球凤尾两码 28,33
==================万神=================
红球独胆 20
蓝球定三码 12,14,15
红球杀六码 01,16,17,25,28,29
红球25码 02,03,04,05,06,07,08,09,10,11,12,13,14,15,18,19,20,21,22,24,27,30,31,32,33
蓝球杀五码 02,03,04,05,09
红球20码 02,03,04,05,06,09,10,13,14,15,18,19,20,21,22,24,27,30,31,33
红球双胆 05,20
红球三胆 05,10,20
蓝球定五码 07,11,12,14,15
红球12码 03,05,06,09,10,14,15,20,21,22,27,33
红球杀三码 17,28,29
红球龙头两码 03,05
红球凤尾两码 27,33
==================彩天地=================
红球独胆 10
蓝球定三码 05,14,15
红球杀六码 01,09,13,22,24,29
红球25码 02,03,04,06,07,08,10,11,12,14,15,16,17,18,19,21,23,25,26,27,28,30,31,32,33
蓝球杀五码 01,02,04,11,12
红球20码 02,03,04,06,08,10,11,12,14,15,17,18,21,23,25,26,27,30,31,33
红球双胆 10,21
红球三胆 10,21,33
蓝球定五码 05,07,14,15,16
红球12码 02,04,06,10,12,15,17,18,21,26,31,33
红球杀三码 09,22,29
红球龙头两码 02,04
红球凤尾两码 31,33
==================莫天命=================
红球独胆 08
蓝球定三码 01,11,12
红球杀六码 04,11,15,23,26,31
红球25码 01,03,05,06,07,08,09,10,12,13,14,16,17,18,19,20,21,22,24,27,28,29,30,32,33
蓝球杀五码 02,03,07,08,10
红球20码 01,06,07,08,10,12,13,16,17,18,19,20,21,22,24,27,28,29,30,33
红球双胆 01,08
红球三胆 01,06,08
蓝球定五码 01,05,09,11,12
红球12码 01,06,07,08,10,12,17,19,21,27,28,33
红球杀三码 04,26,31
红球龙头两码 01,06
红球凤尾两码 28,33
==================军师吴用=================
红球独胆 05
蓝球定三码 09,12,14
红球杀六码 12,13,16,20,29,30
红球25码 01,03,04,05,06,07,08,09,10,11,14,15,17,18,21,22,23,24,25,26,27,28,31,32,33
蓝球杀五码 02,05,07,11,13
红球20码 01,04,05,06,07,08,09,10,14,15,17,18,21,22,24,25,27,28,31,32
红球双胆 04,05
红球三胆 04,05,31
蓝球定五码 06,09,10,12,14
红球12码 04,05,06,07,08,09,14,18,22,24,31,32
红球杀三码 12,16,29
红球龙头两码 04,05
红球凤尾两码 31,32
==================西坝=================
红球独胆 32
蓝球定三码 04,08,11
红球杀六码 06,08,13,18,27,31
红球25码 01,02,03,04,07,09,10,11,12,14,15,16,17,20,21,22,23,24,25,26,28,29,30,32,33
蓝球杀五码 02,03,05,07,15
红球20码 02,03,04,07,09,11,12,15,16,17,20,21,22,23,24,25,26,30,32,33
红球双胆 09,32
红球三胆 07,09,32
蓝球定五码 04,08,11,13,16
红球12码 02,07,09,11,15,17,20,22,24,26,30,32
红球杀三码 08,13,27
红球龙头两码 02,07
红球凤尾两码 30,32
==================小糖人=================
红球独胆 22
蓝球定三码 09,10,11
红球杀六码 02,09,11,15,23,26
红球25码 01,03,04,05,06,07,08,10,13,14,16,17,18,19,20,21,22,24,25,27,28,29,30,32,33
蓝球杀五码 05,06,08,14,15
红球20码 01,04,05,06,07,08,10,16,17,18,19,21,22,25,27,28,29,30,32,33
红球双胆 22,25
红球三胆 08,22,25
蓝球定五码 09,10,11,12,13
红球12码 04,05,06,08,10,22,25,27,29,30,32,33
红球杀三码 09,15,23
红球龙头两码 04,05
红球凤尾两码 32,33
==================助力=================
红球独胆 20
蓝球定三码 11,10,02
红球杀六码 28,25,11,24,06,33
红球25码 20,04,14,19,05,03,12,18,32,01,21,29,15,13,31,16,09,17,27,22,07,26,08,10,30
蓝球杀五码 03,01,04,05,06
红球20码 20,04,14,19,05,03,12,18,32,01,21,29,15,13,31,16,09,17,27,22
红球双胆 20,04
红球三胆 20,04,14
蓝球定五码 11,10,02,13,16
红球12码 20,04,14,19,05,03,12,18,32,01,21,29
红球杀三码 28,25,11
红球龙头两码 03,04
红球凤尾两码 29,32
==================达达=================
红球独胆 09
蓝球定三码 16,01,02
红球杀六码 03,08,11,19,23,28
红球25码 01,02,04,05,06,07,09,10,12,14,15,16,17,18,20,21,22,24,25,26,27,29,30,32,33
蓝球杀五码 09,08,07,06,05
红球20码 01,02,04,05,06,07,09,10,14,15,16,17,18,21,25,26,27,29,32,33
红球双胆 09,17
红球三胆 09,17,26
蓝球定五码 10,16,01,02,03
红球12码 04,07,09,14,16,17,21,25,26,27,32,33
红球杀三码 03,08,11
红球龙头两码 07,14
红球凤尾两码 25,32
==================寻雾=================
红球独胆 17
蓝球定三码 02,12,14
红球杀六码 12,25,26,28,31,32
红球25码 01,02,04,05,06,07,08,09,10,11,13,14,15,16,17,18,20,21,22,23,24,27,29,30,33
蓝球杀五码 03,07,11,13,15
红球20码 01,02,04,05,06,07,08,09,11,13,15,17,18,20,21,23,24,29,30,33
红球双胆 17,30
红球三胆 17,18,30
蓝球定五码 02,06,12,14,16
红球12码 04,05,06,08,09,13,15,17,18,20,23,30
红球杀三码 12,25,32
红球龙头两码 04,05
红球凤尾两码 23,30
==================谁与争锋=================
红球独胆 10
蓝球定三码 04,13,16
红球杀六码 14,16,21,22,25,27
红球25码 01,02,03,04,05,06,07,08,09,10,11,12,13,15,17,18,19,20,23,24,29,30,31,32,33
蓝球杀五码 03,05,07,08,14
红球20码 01,03,04,05,07,08,09,10,11,12,13,15,17,18,19,20,30,31,32,33
红球双胆 07,10
红球三胆 03,07,10
蓝球定五码 04,06,09,13,16
红球12码 01,03,07,08,10,12,13,18,19,30,31,32
红球杀三码 21,25,27
红球龙头两码 01,03
红球凤尾两码 31,32
==================忘忧草=================
红球独胆 30
蓝球定三码 07,10,12
红球杀六码 02,14,21,22,23,25
红球25码 01,03,04,05,06,07,08,09,10,11,12,15,16,17,18,19,20,24,26,27,29,30,31,32,33
蓝球杀五码 04,06,08,13,16
红球20码 01,03,05,06,07,08,09,10,12,15,16,17,19,24,26,27,29,30,31,33
红球双胆 26,30
红球三胆 06,26,30
蓝球定五码 03,07,10,11,12
红球12码 01,06,07,10,12,15,16,19,26,30,31,33
红球杀三码 22,23,25
红球龙头两码 01,06
红球凤尾两码 31,33
==================双色球达人=================
红球独胆 07
蓝球定三码 12,13,14
红球杀六码 03,05,16,17,27,31
红球25码 01,02,04,06,07,08,09,10,11,12,13,14,15,18,19,20,22,23,24,25,26,28,29,32,33
蓝球杀五码 01,06,08,11,15
红球20码 01,02,04,07,08,09,10,12,14,15,18,19,22,23,25,26,28,29,32,33
红球双胆 07,23
红球三胆 07,12,23
蓝球定五码 05,07,12,13,14
红球12码 01,02,07,08,10,12,15,18,22,23,25,28
红球杀三码 16,17,31
红球龙头两码 01,02
红球凤尾两码 25,28
==================天之骄子=================
红球独胆 31
蓝球定三码 10,13,14
红球杀六码 17,18,19,21,26,33
红球25码 01,03,04,05,06,07,08,09,10,11,12,13,14,15,16,22,23,24,25,27,28,29,30,31,32
蓝球杀五码 03,05,06,07,08
红球20码 03,04,05,06,07,08,09,11,12,13,14,15,16,22,24,27,29,30,31,32
红球双胆 24,31
红球三胆 04,24,31
蓝球定五码 02,10,13,14,15
红球12码 03,04,09,12,13,14,16,24,29,30,31,32
红球杀三码 17,18,19
红球龙头两码 03,04
红球凤尾两码 31,32
==================小豆豆=================
红球独胆 13
蓝球定三码 08,10,13
红球杀六码 03,10,11,21,27,32
红球25码 02,04,05,06,07,08,09,12,13,14,15,16,17,18,19,20,22,23,24,25,26,28,29,31,33
蓝球杀五码 04,05,07,14,15
红球20码 02,04,05,07,08,13,14,15,16,17,18,19,20,22,23,25,26,28,29,31
红球双胆 13,16
红球三胆 02,13,16
蓝球定五码 03,08,10,12,13
红球12码 02,05,07,13,14,16,19,22,25,28,29,31
红球杀三码 10,11,21
红球龙头两码 02,05
红球凤尾两码 29,31
==================维迪尔=================
红球独胆 04
蓝球定三码 05,09,16
红球杀六码 10,11,30,31,32,33
红球25码 01,02,03,04,05,06,08,09,12,14,15,16,17,18,19,20,21,22,23,24,25,26,27,28,29
蓝球杀五码 04,08,13,14,15
红球20码 01,02,04,05,08,09,12,14,15,18,19,20,21,22,23,24,25,26,27,28
红球双胆 04,14
红球三胆 01,04,14
蓝球定五码 01,03,05,09,16
红球12码 01,04,12,14,18,20,21,22,23,24,26,27
红球杀三码 10,30,31
红球龙头两码 01,04
红球凤尾两码 26,27
==================小仙女=================
红球独胆 02
蓝球定三码 03,06,07
红球杀六码 01,10,22,25,26,28
红球25码 02,03,04,05,06,07,08,09,11,12,14,15,16,17,18,19,20,21,23,24,27,29,30,32,33
蓝球杀五码 02,11,12,14,15
红球20码 02,03,04,05,06,07,08,09,12,15,16,17,18,21,23,24,29,30,32,33
红球双胆 02,33
红球三胆 02,23,33
蓝球定五码 03,04,06,07,13
红球12码 02,05,06,08,09,12,15,18,23,24,30,33
红球杀三码 01,10,28
红球龙头两码 02,05
红球凤尾两码 30,33
==================李寒=================
红球独胆 02
蓝球定三码 04,08,14
红球杀六码 14,23,27,28,31,33
红球25码 01,02,03,04,05,06,07,08,09,10,11,12,13,15,17,19,20,21,22,24,25,26,29,30,32
蓝球杀五码 02,07,09,12,16
红球20码 01,02,04,05,06,07,08,10,11,13,17,19,20,21,22,24,25,26,30,32
红球双胆 02,30
红球三胆 02,17,30
蓝球定五码 04,06,08,11,14
红球12码 01,02,06,07,08,11,17,22,24,26,30,32
红球杀三码 23,28,33
红球龙头两码 01,02
红球凤尾两码 30,32
==================孤雁看胆=================
红球独胆 21
蓝球定三码 03,09,15
红球杀六码 01,03,06,08,09,16
红球25码 02,04,05,07,10,11,12,13,14,15,17,18,20,21,22,23,24,25,26,28,29,30,31,32,33
蓝球杀五码 04,07,10,12,16
红球20码 02,04,05,07,10,13,15,18,20,21,22,23,25,26,28,29,30,31,32,33
红球双胆 13,21
红球三胆 05,13,21
蓝球定五码 03,05,08,09,15
红球12码 02,05,07,10,13,21,22,23,26,29,30,32
红球杀三码 01,06,09
红球龙头两码 02,05
红球凤尾两码 30,32
