==================格兰雄狮=================
红球独胆 12
蓝球定三码 02,09,11
红球杀六码 04,07,11,19,21,25
红球25码 01,02,03,05,06,08,09,10,12,13,14,15,16,17,18,20,22,23,24,26,27,29,31,32,33
蓝球杀五码 03,04,06,10,15
红球20码 01,02,03,05,06,09,10,12,14,15,16,17,18,20,23,24,27,31,32,33
红球双胆 05,12
红球三胆 05,12,17
蓝球定五码 02,09,11,14,16
红球12码 01,02,03,05,10,12,14,17,18,24,27,33
红球杀三码 04,07,19
红球龙头两码 01,02
红球凤尾两码 27,33
==================清风雪舞=================
红球独胆 26
蓝球定三码 09,12,14
红球杀六码 02,04,10,12,17,31
红球25码 01,03,05,06,07,08,11,13,14,16,18,19,20,21,22,23,24,25,26,27,28,29,30,32,33
蓝球杀五码 03,06,07,10,16
红球20码 01,06,07,08,11,14,16,18,19,20,21,22,24,26,27,28,29,30,32,33
红球双胆 16,26
红球三胆 16,26,27
蓝球定五码 08,09,12,14,15
红球12码 06,07,11,16,18,20,21,24,26,27,30,33
红球杀三码 02,04,17
红球龙头两码 06,07
红球凤尾两码 30,33
==================百事大吉=================
红球独胆 24
蓝球定三码 04,10,13
红球杀六码 12,18,20,22,26,30
红球25码 01,02,03,04,05,07,08,09,10,11,13,14,15,16,17,19,21,23,24,25,27,28,29,31,33
蓝球杀五码 02,03,08,11,12
红球20码 01,02,03,04,05,08,09,10,11,14,15,16,17,19,21,24,25,27,28,33
红球双胆 11,24
红球三胆 11,24,27
蓝球定五码 04,09,10,13,16
红球12码 01,03,05,09,10,11,14,17,24,27,28,33
红球杀三码 22,26,30
红球龙头两码 01,03
红球凤尾两码 28,33
==================连连碰=================
红球独胆 03
蓝球定三码 08,13,15
红球杀六码 08,14,22,26,27,30
红球25码 01,02,03,04,05,06,07,09,10,11,12,13,15,16,17,18,19,20,21,23,24,28,29,31,33
蓝球杀五码 02,05,09,11,16
红球20码 01,02,03,04,05,06,09,10,12,13,16,17,18,19,21,23,24,29,31,33
红球双胆 03,24
红球三胆 03,04,24
蓝球定五码 03,08,12,13,15
红球12码 01,02,03,04,06,12,17,21,23,24,29,31
红球杀三码 14,26,27
红球龙头两码 01,02
红球凤尾两码 29,31
==================军师吴用=================
红球独胆 30
蓝球定三码 04,07,15
红球杀六码 08,15,20,21,23,24
红球25码 01,03,04,05,06,07,09,10,11,13,14,16,17,18,19,22,25,26,27,28,29,30,31,32,33
蓝球杀五码 05,08,09,13,16
红球20码 01,03,04,05,06,09,10,11,13,14,17,18,19,22,26,27,28,29,30,33
红球双胆 03,30
红球三胆 03,13,30
蓝球定五码 03,04,07,12,15
红球12码 01,03,06,13,14,19,22,26,27,28,30,33
红球杀三码 08,20,23
红球龙头两码 01,03
红球凤尾两码 30,33
==================脱口秀=================
红球独胆 16
蓝球定三码 04,07,13
红球杀六码 01,02,08,17,19,28
红球25码 03,04,05,06,07,09,10,11,12,13,14,15,16,18,20,21,22,23,24,25,26,27,29,30,32
蓝球杀五码 01,02,06,09,12
红球20码 03,04,07,09,10,12,13,14,15,16,18,20,21,22,23,26,27,29,30,32
红球双胆 03,16
红球三胆 03,16,22
蓝球定五码 04,07,10,13,15
红球12码 03,10,13,14,15,16,20,21,22,26,29,30
红球杀三码 17,19,28
红球龙头两码 03,10
红球凤尾两码 29,30
==================潮人=================
红球独胆 09
蓝球定三码 03,09,11
红球杀六码 04,10,12,21,23,25
红球25码 01,02,03,05,06,07,08,09,11,13,14,15,17,18,19,20,22,24,26,28,29,30,31,32,33
蓝球杀五码 04,06,12,14,15
红球20码 01,03,05,06,08,09,11,13,14,15,18,19,20,22,28,29,30,31,32,33
红球双胆 09,28
红球三胆 09,28,30
蓝球定五码 02,03,05,09,11
红球12码 05,08,09,13,14,15,18,28,29,30,31,32
红球杀三码 10,12,21
红球龙头两码 05,08
红球凤尾两码 31,32
==================法神=================
红球独胆 21
蓝球定三码 03,06,09
红球杀六码 07,09,15,18,20,30
红球25码 01,02,03,04,05,08,10,11,13,14,16,17,19,21,22,23,24,25,26,27,28,29,31,32,33
蓝球杀五码 04,08,14,15,16
红球20码 01,02,04,08,10,11,14,17,19,21,22,23,24,25,26,27,28,29,31,32
红球双胆 08,21
红球三胆 08,17,21
蓝球定五码 03,05,06,09,13
红球12码 01,02,08,10,17,19,21,22,25,26,27,29
红球杀三码 09,18,20
红球龙头两码 01,02
红球凤尾两码 27,29
==================丹姿=================
红球独胆 17
蓝球定三码 03,05,08
红球杀六码 04,06,07,10,22,31
红球25码 01,02,03,05,08,09,11,12,13,15,16,17,18,19,21,23,24,25,26,27,28,29,30,32,33
蓝球杀五码 02,07,10,13,14
红球20码 01,02,03,08,09,11,12,15,16,17,18,19,23,24,26,27,28,29,30,32
红球双胆 17,32
红球三胆 12,17,32
蓝球定五码 01,03,05,06,08
红球12码 02,08,11,12,16,17,19,24,28,29,30,32
红球杀三码 06,07,22
红球龙头两码 02,08
红球凤尾两码 30,32
==================真心相待=================
红球独胆 33
蓝球定三码 04,08,14
红球杀六码 03,09,10,22,28,29
红球25码 01,02,04,05,06,07,08,11,12,13,14,15,16,18,20,21,23,24,25,26,27,30,31,32,33
蓝球杀五码 05,09,10,13,16
红球20码 01,02,04,05,06,07,11,12,13,14,15,16,18,20,24,25,26,27,30,33
红球双胆 20,33
红球三胆 16,20,33
蓝球定五码 01,04,07,08,14
红球12码 01,04,11,13,14,15,16,18,20,26,27,33
红球杀三码 10,22,29
红球龙头两码 01,04
红球凤尾两码 27,33
==================暗渡陈仓=================
红球独胆 19
蓝球定三码 03,15,16
红球杀六码 10,14,22,23,26,32
红球25码 01,02,03,04,05,06,07,08,09,11,12,13,15,16,17,18,19,20,24,25,27,28,29,31,33
蓝球杀五码 04,05,06,09,13
红球20码 01,02,03,04,05,06,07,09,11,12,13,15,16,18,19,20,27,28,29,31
红球双胆 19,29
红球三胆 16,19,29
蓝球定五码 02,03,07,15,16
红球12码 01,03,04,09,12,13,15,16,18,19,20,29
红球杀三码 22,26,32
红球龙头两码 01,03
红球凤尾两码 20,29
==================四通八达=================
红球独胆 30
蓝球定三码 07,12,15
红球杀六码 03,07,08,15,21,26
红球25码 01,02,04,05,09,11,12,13,14,16,17,18,19,20,22,23,24,25,27,28,29,30,31,32,33
蓝球杀五码 03,04,05,09,10
红球20码 01,04,09,11,12,13,14,17,18,19,20,22,23,25,27,28,29,30,31,33
红球双胆 17,30
红球三胆 17,30,33
蓝球定五码 07,12,14,15,16
红球12码 01,04,11,17,18,20,22,25,28,30,31,33
红球杀三码 03,08,21
红球龙头两码 01,04
红球凤尾两码 31,33
==================西川达子=================
红球独胆 29
蓝球定三码 02,11,15
红球杀六码 01,03,21,27,28,33
红球25码 02,05,06,07,08,09,10,11,12,13,14,15,16,17,18,19,20,22,24,25,26,29,30,31,32
蓝球杀五码 05,07,08,13,16
红球20码 02,05,06,07,08,09,12,13,14,15,16,18,19,20,22,24,25,26,29,32
红球双胆 26,29
红球三胆 06,26,29
蓝球定五码 02,06,11,12,15
红球12码 05,06,07,09,13,14,15,16,19,24,26,29
红球杀三码 03,28,33
红球龙头两码 05,06
红球凤尾两码 26,29
==================演绎人生=================
红球独胆 03
蓝球定三码 13,14,16
红球杀六码 06,18,22,27,29,31
红球25码 01,02,03,04,05,07,08,09,10,11,12,13,14,17,19,20,21,23,24,25,26,28,30,32,33
蓝球杀五码 07,10,11,12,15
红球20码 01,02,03,04,05,07,08,10,11,12,13,14,17,19,20,23,24,25,26,30
红球双胆 03,20
红球三胆 01,03,20
蓝球定五码 02,08,13,14,16
红球12码 01,02,03,04,08,10,12,13,14,20,23,30
红球杀三码 06,22,31
红球龙头两码 01,02
红球凤尾两码 23,30
==================莫天命=================
红球独胆 16
蓝球定三码 12,15,16
红球杀六码 02,04,17,19,30,32
红球25码 01,03,05,06,07,08,09,10,11,14,15,16,18,20,21,22,23,24,25,26,27,28,29,31,33
蓝球杀五码 01,02,03,06,09
红球20码 01,03,05,06,07,08,09,10,11,14,16,18,20,21,23,24,25,27,28,29
红球双胆 16,25
红球三胆 06,16,25
蓝球定五码 11,12,13,15,16
红球12码 06,07,09,11,14,16,18,21,23,25,28,29
红球杀三码 02,04,17
红球龙头两码 06,07
红球凤尾两码 28,29
==================第二神=================
红球独胆 10
蓝球定三码 01,02,06
红球杀六码 18,19,21,26,29,30
红球25码 01,02,03,04,06,07,08,09,10,11,12,13,14,15,16,17,20,22,23,24,25,27,28,32,33
蓝球杀五码 04,07,09,15,16
红球20码 01,02,03,07,09,10,11,12,13,15,16,17,20,22,23,24,25,27,28,33
红球双胆 10,15
红球三胆 01,10,15
蓝球定五码 01,02,05,06,14
红球12码 01,10,11,12,15,16,17,20,23,24,27,33
红球杀三码 18,19,21
红球龙头两码 01,10
红球凤尾两码 27,33
==================狐王=================
红球独胆 06
蓝球定三码 03,07,08
红球杀六码 05,21,24,28,29,31
红球25码 01,02,03,04,06,07,08,09,10,12,13,14,15,16,17,18,19,20,22,25,26,27,30,32,33
蓝球杀五码 01,02,06,09,10
红球20码 01,02,03,06,07,08,09,10,12,13,15,17,18,19,20,22,25,27,30,33
红球双胆 06,08
红球三胆 06,08,13
蓝球定五码 03,07,08,14,15
红球12码 02,03,06,07,08,12,13,18,19,22,25,33
红球杀三码 05,24,31
红球龙头两码 02,03
红球凤尾两码 25,33
==================幽冉=================
红球独胆 09
蓝球定三码 02,13,16
红球杀六码 01,05,06,08,27,28
红球25码 02,03,04,07,09,10,12,13,14,15,16,18,19,20,21,22,23,24,25,26,29,30,31,32,33
蓝球杀五码 03,04,06,07,12
红球20码 02,03,04,09,10,12,13,15,18,19,20,21,22,24,25,29,30,31,32,33
红球双胆 03,09
红球三胆 03,09,25
蓝球定五码 01,02,05,13,16
红球12码 03,09,12,13,15,18,19,24,25,29,30,31
红球杀三码 05,06,27
红球龙头两码 03,09
红球凤尾两码 30,31
==================小糖人=================
红球独胆 21
蓝球定三码 09,10,14
红球杀六码 02,03,04,13,24,31
红球25码 01,05,06,07,08,09,10,11,12,14,15,16,17,19,20,21,22,23,26,27,28,29,30,32,33
蓝球杀五码 02,11,12,13,15
红球20码 01,05,06,07,08,09,10,11,12,16,17,20,21,22,26,27,28,29,30,33
红球双胆 21,33
红球三胆 10,21,33
蓝球定五码 01,06,09,10,14
红球12码 01,06,08,09,10,11,16,17,21,22,29,33
红球杀三码 03,04,31
红球龙头两码 01,06
红球凤尾两码 29,33
==================火力全开=================
红球独胆 30
蓝球定三码 01,03,13
红球杀六码 01,05,08,11,20,33
红球25码 03,04,06,07,09,12,13,14,15,16,17,18,19,21,22,23,24,25,26,27,28,29,30,31,32
蓝球杀五码 07,08,11,15,16
红球20码 03,06,07,09,12,13,15,16,17,18,19,22,23,24,25,26,27,29,30,31
红球双胆 03,30
红球三胆 03,27,30
蓝球定五码 01,02,03,12,13
红球12码 03,06,07,09,12,15,19,24,27,29,30,31
红球杀三码 01,05,08
红球龙头两码 03,06
红球凤尾两码 30,31
==================飞花潇雪=================
红球独胆 15
蓝球定三码 08,14,15
红球杀六码 03,08,09,13,20,21
红球25码 01,02,04,05,06,07,10,11,14,15,16,18,19,23,24,25,26,28,29
蓝球杀五码 02
红球20码 01,04,05,06,07,10,11,14,15,18,19,24,25,28,29
红球双胆 15,18
红球三胆 15,18,29
蓝球定五码 03,05,08,14,15
红球12码 05,07,11,14,15,18,24,28,29
红球杀三码 09,13,20
红球龙头两码 05,07
红球凤尾两码 29
看好毒蓝14 
==================百炼成钢=================
红球独胆 18
蓝球定三码 04,14,15
红球杀六码 08,12,16,26,30,33
红球25码 01,02,03,04,05,06,07,09,10,11,13,14,15,17,18,20,21,22,23,24,27,28,29,31,32
蓝球杀五码 01,08,11,12,13
红球20码 01,02,04,05,07,09,10,11,13,14,15,17,18,22,23,24,27,28,29,31
红球双胆 17,18
红球三胆 17,18,28
蓝球定五码 04,09,10,14,15
红球12码 01,02,04,05,13,14,15,17,18,22,28,31
红球杀三码 08,12,30
红球龙头两码 01,02
红球凤尾两码 28,31
==================薄彩在身=================
红球独胆 17
蓝球定三码 04,08,12
红球杀六码 03,10,16,22,31,32
红球25码 01,02,04,05,06,07,08,09,11,12,13,14,15,17,18,19,20,21,23,24,27,28,29,30,33
蓝球杀五码 01,02,05,11,16
红球20码 01,04,05,06,07,08,09,11,12,13,15,17,18,19,20,21,24,27,30,33
红球双胆 17,18
红球三胆 17,18,19
蓝球定五码 04,06,08,12,13
红球12码 05,07,08,09,11,12,13,15,17,18,19,20
红球杀三码 03,10,31
红球龙头两码 05,07
红球凤尾两码 19,20
==================东方卫视=================
红球独胆 23
蓝球定三码 04,06,09
红球杀六码 05,14,17,19,25,28
红球25码 01,02,03,06,07,08,09,10,11,12,13,15,16,18,20,22,23,24,26,27,29,30,31,32,33
蓝球杀五码 02,05,07,13,16
红球20码 01,02,06,08,10,11,12,13,15,16,18,20,22,23,24,27,29,30,31,32
红球双胆 10,23
红球三胆 10,12,23
蓝球定五码 01,04,06,08,09
红球12码 08,10,11,12,15,18,23,27,29,30,31,32
红球杀三码 05,19,28
红球龙头两码 08,10
红球凤尾两码 31,32
==================完美运程=================
红球独胆 15
蓝球定三码 03,04,12
红球杀六码 04,06,07,18,20,28
红球25码 01,02,03,05,08,10,11,12,13,14,15,16,17,19,21,22,24,25,26,27,29,30,31,32,33
蓝球杀五码 05,07,13,15,16
红球20码 02,03,08,10,11,12,13,14,15,19,21,22,24,25,26,27,29,30,31,33
红球双胆 15,25
红球三胆 03,15,25
蓝球定五码 02,03,04,09,12
红球12码 03,10,13,15,19,21,22,25,29,30,31,33
红球杀三码 04,18,20
红球龙头两码 03,10
红球凤尾两码 31,33
==================西龙=================
红球独胆 04
蓝球定三码 13,14,16
红球杀六码 02,20,25,28,29,33
红球25码 01,03,04,05,06,07,08,09,10,11,13,14,15,16,17,18,19,21,22,23,26,27,30,31,32
蓝球杀五码 02,05,06,11,12
红球20码 03,04,06,07,08,09,10,11,13,14,15,16,18,19,21,22,23,26,27,31
红球双胆 04,18
红球三胆 04,18,22
蓝球定五码 03,08,13,14,16
红球12码 04,07,08,09,11,14,15,18,19,22,26,31
红球杀三码 02,29,33
红球龙头两码 04,07
红球凤尾两码 26,31
==================称心码=================
红球独胆 28
蓝球定三码 02,09,14
红球杀六码 02,11,16,19,24,27
红球25码 03,04,05,06,07,08,09,10,12,13,14,15,17,18,20,21,22,23,25,28,29,30,31,32,33
蓝球杀五码 03,05,06,07,13
红球20码 03,05,06,07,08,09,10,12,14,15,17,18,20,21,23,28,29,31,32,33
红球双胆 28,29
红球三胆 14,28,29
蓝球定五码 02,09,10,14,15
红球12码 07,08,09,10,14,17,18,20,21,23,28,29
红球杀三码 16,19,24
红球龙头两码 07,08
红球凤尾两码 28,29
==================西坝=================
红球独胆 30
蓝球定三码 02,10,11
红球杀六码 02,05,10,21,23,27
红球25码 01,03,04,06,07,08,09,11,12,13,14,15,16,17,19,20,22,24,26,28,29,30,31,32,33
蓝球杀五码 03,06,12,14,15
红球20码 01,04,06,07,08,09,12,14,15,16,17,19,20,24,26,28,29,30,31,33
红球双胆 19,30
红球三胆 19,26,30
蓝球定五码 02,05,09,10,11
红球12码 01,04,07,08,12,15,17,19,20,26,28,30
红球杀三码 02,23,27
红球龙头两码 01,04
红球凤尾两码 28,30
==================惊天危机=================
红球独胆 30
蓝球定三码 04,07,10
红球杀六码 02,04,09,15,18,19
红球25码 01,03,05,07,08,10,11,12,13,14,16,17,20,21,22,23,24,25,26,28,29,30,31,32,33
蓝球杀五码 05,08,11,12,14
红球20码 01,03,05,07,10,11,14,16,17,20,21,22,23,24,25,26,28,30,31,33
红球双胆 07,30
红球三胆 07,30,33
蓝球定五码 03,04,07,09,10
红球12码 01,07,10,11,14,17,20,22,25,26,30,33
红球杀三码 02,04,09
红球龙头两码 01,07
红球凤尾两码 30,33
==================维迪尔=================
红球独胆 13
蓝球定三码 02,13,15
红球杀六码 05,16,18,22,25,27
红球25码 01,03,04,06,07,08,09,10,11,12,13,14,15,17,19,20,21,23,24,28,29,30,31,32,33
蓝球杀五码 04,05,07,10,11
红球20码 01,06,07,08,09,10,12,13,14,15,17,19,20,21,23,24,28,30,31,32
红球双胆 01,13
红球三胆 01,13,32
蓝球定五码 02,06,13,14,15
红球12码 01,06,07,10,13,17,19,20,21,23,30,32
红球杀三码 05,16,18
红球龙头两码 01,06
红球凤尾两码 30,32
==================寻雾=================
红球独胆 03
蓝球定三码 01,13,16
红球杀六码 08,09,13,16,21,26
红球25码 01,02,03,04,05,06,07,10,11,14,15,17,19,20,22,23,24,25,27,28,29,30,31,32,33
蓝球杀五码 08,09,10,11,12
红球20码 02,03,04,05,07,10,11,14,15,17,19,20,22,24,25,27,28,29,32,33
红球双胆 03,11
红球三胆 03,11,25
蓝球定五码 01,03,07,13,16
红球12码 02,03,11,14,15,17,19,20,22,24,25,28
红球杀三码 08,21,26
红球龙头两码 02,03
红球凤尾两码 25,28
==================小仙女=================
红球独胆 03
蓝球定三码 04,06,13
红球杀六码 04,08,11,13,22,29
红球25码 01,02,03,05,06,07,09,10,12,14,15,16,17,18,19,20,21,23,25,26,27,28,30,31,32
蓝球杀五码 02,03,07,08,09
红球20码 01,02,03,05,07,09,10,12,15,16,17,19,20,21,23,25,27,28,30,32
红球双胆 03,25
红球三胆 03,05,25
蓝球定五码 04,06,12,13,14
红球12码 01,02,03,05,15,16,20,23,25,28,30,32
红球杀三码 04,08,11
红球龙头两码 01,02
红球凤尾两码 30,32
==================李寒=================
红球独胆 22
蓝球定三码 10,12,13
红球杀六码 01,02,03,06,16,17
红球25码 04,05,07,09,10,11,12,13,14,15,18,19,20,21,22,23,25,26,27,28,29,30,31,32,33
蓝球杀五码 03,06,07,09,14
红球20码 05,07,09,10,11,13,14,15,18,19,20,21,22,23,26,27,29,30,31,32
红球双胆 15,22
红球三胆 15,22,29
蓝球定五码 02,04,10,12,13
红球12码 05,07,11,13,15,18,20,21,22,23,27,29
红球杀三码 02,03,06
红球龙头两码 05,07
红球凤尾两码 27,29
==================忘忧草=================
红球独胆 20
蓝球定三码 09,10,16
红球杀六码 03,08,10,16,26,29
红球25码 01,02,04,05,06,07,09,11,12,13,14,15,17,19,20,21,22,23,24,25,27,28,30,32,33
蓝球杀五码 02,05,08,14,15
红球20码 01,02,04,06,07,09,11,13,14,15,19,20,21,22,23,24,25,27,30,32
红球双胆 19,20
红球三胆 11,19,20
蓝球定五码 07,09,10,12,16
红球12码 01,02,07,11,13,14,15,19,20,21,24,25
红球杀三码 03,10,16
红球龙头两码 01,02
红球凤尾两码 24,25
==================万神=================
红球独胆 16
蓝球定三码 03,05,06
红球杀六码 04,07,10,15,20,26
红球25码 01,02,03,05,06,11,12,13,14,16,17,18,19,21,22,23,24,25,27,28,29,30,31,32,33
蓝球杀五码 02,04,11,12,13
红球20码 02,03,05,06,12,13,14,16,17,18,19,21,24,25,27,29,30,31,32,33
红球双胆 16,31
红球三胆 16,31,32
蓝球定五码 01,03,05,06,16
红球12码 02,06,12,13,16,17,18,21,25,27,31,32
红球杀三码 04,07,10
红球龙头两码 02,06
红球凤尾两码 31,32
==================天宇=================
红球独胆 30
蓝球定三码 05,11,13
红球杀六码 03,05,19,22,23,32
红球25码 01,04,06,07,08,09,10,11,12,14,15,16,17,18,20,21,24,25,26,27,28,29,30,31,33
蓝球杀五码 03,08,12,15,16
红球20码 01,07,08,09,10,11,12,14,15,16,17,18,20,21,26,27,28,29,30,31
红球双胆 21,30
红球三胆 21,27,30
蓝球定五码 02,05,06,11,13
红球12码 08,10,11,15,16,18,20,21,27,29,30,31
红球杀三码 03,19,23
红球龙头两码 08,10
红球凤尾两码 30,31
==================彩天地=================
红球独胆 23
蓝球定三码 01,02,13
红球杀六码 03,11,16,24,25,27
红球25码 01,02,04,05,06,07,08,09,12,13,14,15,17,18,19,21,22,23,26,28,29,30,31,32,33
蓝球杀五码 07,08,09,11,15
红球20码 01,02,04,05,06,08,09,12,13,14,15,18,21,23,28,29,30,31,32,33
红球双胆 23,29
红球三胆 14,23,29
蓝球定五码 01,02,05,10,13
红球12码 01,04,05,09,13,14,18,23,29,30,31,32
红球杀三码 16,25,27
红球龙头两码 01,04
红球凤尾两码 31,32
==================谁与争锋=================
红球独胆 16
蓝球定三码 08,11,16
红球杀六码 02,05,09,23,27,29
红球25码 01,03,04,06,07,08,11,12,13,14,15,16,17,18,19,20,21,24,25,26,28,30,31,32,33
蓝球杀五码 06,07,10,13,14
红球20码 01,03,04,06,07,08,11,14,16,17,18,20,21,24,25,26,28,30,31,33
红球双胆 16,21
红球三胆 11,16,21
蓝球定五码 03,05,08,11,16
红球12码 01,04,08,11,16,20,21,25,26,28,30,33
红球杀三码 02,05,09
红球龙头两码 01,04
红球凤尾两码 30,33
==================蜗蜗牛=================
红球独胆 13
蓝球定三码 07,14,16
红球杀六码 07,14,15,16,28,29
红球25码 01,02,03,04,06,09,10,11,12,13,17,18,19,20,21,22,23,24,25,26,27,30,31,32,33
蓝球杀五码 03,05,08,11,15
红球20码 02,03,04,06,09,10,11,12,13,17,19,20,21,23,24,25,26,27,32,33
红球双胆 13,32
红球三胆 06,13,32
蓝球定五码 01,07,13,14,16
红球12码 02,04,06,09,11,13,19,20,21,23,26,32
红球杀三码 07,15,29
红球龙头两码 02,04
红球凤尾两码 26,32
==================痛并快乐=================
红球独胆 06
蓝球定三码 04,06,11
红球杀六码 10,11,23,24,29,33
红球25码 01,03,04,05,06,07,08,09,13,14,15,16,17,18,19,20,21,22,25,26,27,28,30,31,32
蓝球杀五码 03,05,09,14,15
红球20码 03,04,05,06,07,09,13,15,16,18,20,21,22,25,26,27,28,30,31,32
红球双胆 06,25
红球三胆 06,16,25
蓝球定五码 01,04,06,11,16
红球12码 03,04,05,06,07,16,18,20,21,25,28,32
红球杀三码 11,23,29
红球龙头两码 03,04
红球凤尾两码 28,32
==================巫妖=================
红球独胆 21
蓝球定三码 01,08,15
红球杀六码 01,08,10,13,29,32
红球25码 02,03,04,05,06,07,09,11,14,15,16,17,19,20,21,22,23,24,25,26,27,28,30,31,33
蓝球杀五码 02,03,05,10,16
红球20码 02,03,04,05,06,09,11,15,16,17,19,20,21,22,23,24,25,28,30,33
红球双胆 21,33
红球三胆 09,21,33
蓝球定五码 01,04,08,11,15
红球12码 02,03,04,05,06,09,16,17,21,23,28,33
红球杀三码 08,10,29
红球龙头两码 02,03
红球凤尾两码 28,33
==================助力=================
红球独胆 15
蓝球定三码 04,07,01
红球杀六码 31,28,08,05,06,19
红球25码 15,09,18,30,07,20,02,04,17,10,12,21,13,14,24,32,11,01,23,03,27,25,22,29,33
蓝球杀五码 11,15,10,16,14
红球20码 15,09,18,30,07,20,02,04,17,10,12,21,13,14,24,32,11,01,23,03
红球双胆 15,09
红球三胆 15,09,18
蓝球定五码 04,07,01,06,02
红球12码 15,09,18,30,07,20,02,04,17,10,12,21
红球杀三码 31,28,08
红球龙头两码 02,04
红球凤尾两码 21,30
==================天之骄子=================
红球独胆 16
蓝球定三码 05,07,15
红球杀六码 03,04,12,15,25,30
红球25码 01,02,05,06,07,08,09,10,13,14,16,17,18,19,20,21,22,23,24,26,27,29,31,32,33
蓝球杀五码 01,09,13,14,16
红球20码 01,02,05,06,07,08,09,10,13,16,17,19,20,22,23,27,29,31,32,33
红球双胆 10,16
红球三胆 07,10,16
蓝球定五码 03,05,07,08,15
红球12码 01,06,07,09,10,16,17,27,29,31,32,33
红球杀三码 12,15,25
红球龙头两码 01,06
红球凤尾两码 32,33
==================小豆豆=================
红球独胆 06
蓝球定三码 13,15,16
红球杀六码 04,14,16,18,21,23
红球25码 01,02,03,05,06,07,08,09,11,12,13,15,17,19,22,24,25,26,27,28,29,30,31,32,33
蓝球杀五码 06,08,10,11,12
红球20码 01,02,03,05,06,07,09,11,12,13,15,19,22,24,25,27,28,30,32,33
红球双胆 06,30
红球三胆 06,19,30
蓝球定五码 01,04,13,15,16
红球12码 03,05,06,07,09,13,15,19,22,25,30,33
红球杀三码 14,16,21
红球龙头两码 03,05
红球凤尾两码 30,33
==================双色球达人=================
红球独胆 02
蓝球定三码 09,10,12
红球杀六码 04,05,10,18,25,29
红球25码 01,02,03,07,08,09,11,12,13,14,15,16,17,19,21,22,23,24,26,27,28,30,31,32,33
蓝球杀五码 02,05,08,13,15
红球20码 02,07,09,11,12,13,15,16,17,19,21,22,23,24,26,28,30,31,32,33
红球双胆 02,15
红球三胆 02,11,15
蓝球定五码 04,09,10,12,16
红球12码 02,09,11,12,13,15,16,19,23,30,31,33
红球杀三码 04,10,29
红球龙头两码 02,09
红球凤尾两码 31,33
==================达达=================
红球独胆 08
蓝球定三码 01,03
红球杀六码 12
红球25码 01,02,03,05,06,07,08,11,13,14,15,16,18,20,23,24,25,28,32,33
蓝球杀五码 11,10,09,08,07
红球20码 01,02,03,05,06,07,08,11,14,15,16,18,20,23,24,28,32,33
红球双胆 08,16
红球三胆 08,16,28
蓝球定五码 12,01,03,04
红球12码 03,05,08,11,14,16,20,24,28,32,33
红球杀三码 12
红球龙头两码 05,14
红球凤尾两码 20,32
==================孤雁看胆=================
红球独胆 25
蓝球定三码 02,05,14
红球杀六码 06,07,09,12,26,33
红球25码 01,02,03,04,05,08,10,11,13,14,16,17,18,19,21,22,23,24,25,27,28,29,30,31,32
蓝球杀五码 01,07,09,10,12
红球20码 01,02,03,05,08,10,13,14,16,17,19,21,22,24,25,27,28,29,30,31
红球双胆 24,25
红球三胆 02,24,25
蓝球定五码 02,03,05,13,14
红球12码 02,03,08,14,16,17,19,21,24,25,29,31
红球杀三码 06,26,33
红球龙头两码 02,03
红球凤尾两码 29,31
