==================称心码=================
红球独胆 28
蓝球定三码 04,10,12
红球杀六码 02,14,17,21,24,29
红球25码 01,03,04,05,06,07,08,10,11,12,13,15,16,19,20,22,23,25,26,27,28,30,31,32,33
蓝球杀五码 05,06,07,13,15
红球20码 03,04,05,06,07,08,10,11,12,13,16,19,20,22,25,27,28,30,32,33
红球双胆 11,28
红球三胆 10,11,28
蓝球定五码 01,04,10,12,16
红球12码 04,06,08,10,11,12,16,20,25,28,30,33
红球杀三码 02,14,29
红球龙头两码 04,06
红球凤尾两码 30,33
==================巫妖=================
红球独胆 11
蓝球定三码 02,15,16
红球杀六码 03,04,05,10,18,26
红球25码 01,02,06,07,08,09,11,12,13,14,15,17,19,20,21,22,23,24,25,27,28,29,30,31,32
蓝球杀五码 01,03,08,10,14
红球20码 01,02,06,07,11,13,14,15,17,19,20,21,22,23,24,25,27,28,31,32
红球双胆 11,22
红球三胆 11,13,22
蓝球定五码 02,06,11,15,16
红球12码 06,07,11,13,15,19,21,22,25,27,28,32
红球杀三码 03,10,18
红球龙头两码 06,07
红球凤尾两码 28,32
==================演绎人生=================
红球独胆 16
蓝球定三码 02,06,09
红球杀六码 09,21,23,27,32,33
红球25码 01,02,03,04,05,06,07,08,10,11,12,13,14,15,16,17,18,19,20,22,24,25,28,29,30
蓝球杀五码 03,05,07,12,14
红球20码 01,02,04,05,06,08,10,11,14,15,16,17,18,19,20,22,24,25,28,30
红球双胆 16,17
红球三胆 10,16,17
蓝球定五码 02,04,06,09,15
红球12码 04,05,06,08,10,11,14,16,17,22,25,28
红球杀三码 09,21,23
红球龙头两码 04,05
红球凤尾两码 25,28
==================飞花潇雪=================
红球独胆 29
蓝球定三码 02,08,11
红球杀六码 09,10,19,20,24,30
红球25码 01,02,03,04,05,07,08,11,14,16,17,18,22,25,26,27,29,31,32,33
蓝球杀五码 04,05,06,09,13
红球20码 01,02,03,04,07,08,11,14,16,17,18,22,26,29,31,33
红球双胆 11,29
红球三胆 11,29,33
蓝球定五码 02,03,08,11,12
红球12码 02,08,11,16,26,29,31,33
红球杀三码 09,20,30
红球龙头两码 02,08
红球凤尾两码 29,33
==================双色球达人=================
红球独胆 31
蓝球定三码 08,13,15
红球杀六码 09,16,17,26,29,33
红球25码 01,02,03,04,05,06,07,10,11,12,13,14,18,19,20,21,22,23,24,25,27,28,30,31,32
蓝球杀五码 04,05,06,11,14
红球20码 01,02,03,04,05,06,07,10,11,13,14,18,19,21,22,23,24,28,30,31
红球双胆 14,31
红球三胆 05,14,31
蓝球定五码 03,08,10,13,15
红球12码 01,03,04,05,06,10,11,14,18,19,30,31
红球杀三码 09,17,29
红球龙头两码 01,03
红球凤尾两码 30,31
==================东方卫视=================
红球独胆 27
蓝球定三码 08,10,11
红球杀六码 07,08,17,19,20,22
红球25码 01,02,03,04,05,06,09,10,11,12,13,14,15,18,21,23,24,25,26,27,28,29,30,32,33
蓝球杀五码 01,09,13,14,16
红球20码 01,02,03,04,05,06,09,10,11,12,13,14,15,18,21,25,27,30,32,33
红球双胆 06,27
红球三胆 06,10,27
蓝球定五码 02,08,10,11,15
红球12码 01,02,06,10,12,14,15,25,27,30,32,33
红球杀三码 07,19,20
红球龙头两码 01,02
红球凤尾两码 32,33
==================蜗蜗牛=================
红球独胆 31
蓝球定三码 03,04,15
红球杀六码 02,15,16,18,24,28
红球25码 01,03,04,05,06,07,08,09,11,12,13,14,17,19,21,22,23,25,26,27,29,30,31,32,33
蓝球杀五码 07,09,10,12,14
红球20码 01,03,04,05,06,07,09,12,13,14,19,21,22,23,25,26,29,30,31,32
红球双胆 01,31
红球三胆 01,19,31
蓝球定五码 02,03,04,15,16
红球12码 01,04,06,07,12,14,19,21,22,30,31,32
红球杀三码 16,18,24
红球龙头两码 01,04
红球凤尾两码 31,32
==================第二神=================
红球独胆 17
蓝球定三码 02,11,12
红球杀六码 08,10,11,22,28,30
红球25码 01,02,03,04,05,06,07,09,12,13,14,15,16,17,18,19,20,21,23,24,25,27,29,31,33
蓝球杀五码 01,04,05,07,09
红球20码 01,02,05,06,07,09,13,14,16,17,18,19,20,23,24,25,27,29,31,33
红球双胆 16,17
红球三胆 14,16,17
蓝球定五码 02,03,11,12,14
红球12码 05,13,14,16,17,18,23,24,27,29,31,33
红球杀三码 10,22,30
红球龙头两码 05,13
红球凤尾两码 31,33
==================真心相待=================
红球独胆 26
蓝球定三码 01,09,10
红球杀六码 06,11,27,31,32,33
红球25码 01,02,03,04,05,08,09,10,12,13,14,15,16,17,18,19,20,21,22,23,25,26,28,29,30
蓝球杀五码 04,08,11,12,16
红球20码 01,02,03,04,05,08,09,12,14,15,16,17,18,21,22,23,25,26,28,30
红球双胆 14,26
红球三胆 14,15,26
蓝球定五码 01,09,10,13,14
红球12码 01,02,08,12,14,15,16,17,23,26,28,30
红球杀三码 06,31,33
红球龙头两码 01,02
红球凤尾两码 28,30
==================格兰雄狮=================
红球独胆 08
蓝球定三码 03,05,13
红球杀六码 01,05,11,14,26,33
红球25码 02,03,04,06,07,08,09,10,12,15,16,17,18,19,20,21,22,23,24,25,28,29,30,31,32
蓝球杀五码 01,07,11,14,16
红球20码 02,03,04,06,08,12,15,16,17,18,19,20,23,24,25,28,29,30,31,32
红球双胆 08,24
红球三胆 08,18,24
蓝球定五码 03,05,09,12,13
红球12码 03,04,06,08,12,18,19,23,24,28,29,31
红球杀三码 11,14,26
红球龙头两码 03,04
红球凤尾两码 29,31
==================忘忧草=================
红球独胆 30
蓝球定三码 06,12,13
红球杀六码 03,18,20,21,31,33
红球25码 01,02,04,05,06,07,08,09,11,12,13,14,15,16,19,22,23,24,25,26,27,28,29,30,32
蓝球杀五码 01,04,08,10,16
红球20码 01,02,04,05,06,11,12,13,14,15,19,22,24,25,26,27,28,29,30,32
红球双胆 19,30
红球三胆 14,19,30
蓝球定五码 05,06,12,13,15
红球12码 05,06,11,12,13,14,19,22,25,26,29,30
红球杀三码 03,31,33
红球龙头两码 05,06
红球凤尾两码 29,30
==================暗渡陈仓=================
红球独胆 27
蓝球定三码 05,11,13
红球杀六码 11,14,15,19,28,31
红球25码 01,02,03,04,05,06,07,09,10,12,13,16,17,18,20,21,22,24,25,26,27,29,30,32,33
蓝球杀五码 03,06,12,14,15
红球20码 01,02,03,04,05,06,09,10,12,13,18,20,21,22,24,25,26,27,29,32
红球双胆 12,27
红球三胆 03,12,27
蓝球定五码 01,05,10,11,13
红球12码 03,05,06,09,10,12,13,18,21,25,26,27
红球杀三码 14,19,31
红球龙头两码 03,05
红球凤尾两码 26,27
==================寻雾=================
红球独胆 10
蓝球定三码 01,02,05
红球杀六码 06,11,19,22,29,32
红球25码 01,02,03,04,07,08,09,10,12,13,14,15,16,17,18,20,21,23,24,25,26,27,28,30,33
蓝球杀五码 03,06,10,12,14
红球20码 01,02,03,08,10,12,13,14,15,16,20,21,23,24,25,26,27,28,30,33
红球双胆 10,28
红球三胆 10,21,28
蓝球定五码 01,02,05,11,13
红球12码 01,03,08,10,12,13,20,21,24,25,28,30
红球杀三码 06,22,32
红球龙头两码 01,03
红球凤尾两码 28,30
==================天宇=================
红球独胆 06
蓝球定三码 12,15,16
红球杀六码 01,07,10,21,23,26
红球25码 02,03,04,05,06,08,09,11,12,14,15,16,17,18,19,20,22,24,25,27,28,29,30,32,33
蓝球杀五码 03,05,07,09,11
红球20码 02,03,04,06,08,09,12,14,15,16,17,18,20,22,25,27,29,30,32,33
红球双胆 06,09
红球三胆 06,09,33
蓝球定五码 01,04,12,15,16
红球12码 03,06,08,09,14,16,22,25,27,29,30,33
红球杀三码 01,07,26
红球龙头两码 03,06
红球凤尾两码 30,33
==================四通八达=================
红球独胆 30
蓝球定三码 03,07,13
红球杀六码 04,13,21,26,27,29
红球25码 01,03,05,06,07,08,09,10,11,12,14,15,17,18,19,20,22,23,24,25,28,30,31,32,33
蓝球杀五码 06,09,12,14,15
红球20码 01,03,05,06,07,08,09,10,11,12,14,15,17,18,19,20,22,24,25,30
红球双胆 11,30
红球三胆 11,12,30
蓝球定五码 01,03,07,08,13
红球12码 03,05,06,07,10,11,12,14,22,24,25,30
红球杀三码 04,27,29
红球龙头两码 03,05
红球凤尾两码 25,30
==================清风雪舞=================
红球独胆 03
蓝球定三码 10,12,16
红球杀六码 09,13,15,20,23,32
红球25码 01,02,03,04,05,06,07,08,10,11,12,16,17,18,19,21,22,24,25,26,27,28,29,31,33
蓝球杀五码 03,07,09,11,15
红球20码 01,02,03,04,05,08,10,11,12,16,18,19,21,24,25,26,27,28,31,33
红球双胆 01,03
红球三胆 01,03,27
蓝球定五码 08,10,12,13,16
红球12码 01,03,04,05,08,12,16,18,21,24,25,27
红球杀三码 09,20,23
红球龙头两码 01,03
红球凤尾两码 25,27
==================百炼成钢=================
红球独胆 05
蓝球定三码 10,13,14
红球杀六码 07,09,12,25,26,29
红球25码 01,02,03,04,05,06,10,11,13,14,15,16,17,18,19,20,21,22,23,24,27,30,31,32,33
蓝球杀五码 01,06,08,12,15
红球20码 01,02,03,04,05,06,10,11,13,14,18,19,21,22,23,24,27,30,31,32
红球双胆 01,05
红球三胆 01,05,32
蓝球定五码 07,10,13,14,16
红球12码 01,04,05,06,10,11,14,21,22,24,31,32
红球杀三码 09,12,26
红球龙头两码 01,04
红球凤尾两码 31,32
==================西川达子=================
红球独胆 11
蓝球定三码 04,05,14
红球杀六码 03,06,13,16,28,29
红球25码 01,02,04,05,07,08,09,10,11,12,14,15,17,18,19,20,21,23,24,25,26,27,30,31,33
蓝球杀五码 01,02,08,13,15
红球20码 01,02,04,05,07,08,10,11,12,14,17,18,19,21,23,24,25,30,31,33
红球双胆 11,33
红球三胆 11,30,33
蓝球定五码 04,05,09,12,14
红球12码 02,04,07,08,11,12,17,18,23,25,30,33
红球杀三码 06,16,29
红球龙头两码 02,04
红球凤尾两码 30,33
==================莫天命=================
红球独胆 06
蓝球定三码 01,07,11
红球杀六码 05,09,21,23,24,25
红球25码 01,04,06,07,08,10,11,12,13,14,15,16,17,18,19,20,22,26,27,28,29,30,31,32,33
蓝球杀五码 04,08,09,15,16
红球20码 04,06,08,10,11,12,13,14,15,16,17,18,19,20,22,26,27,30,31,32
红球双胆 06,08
红球三胆 06,08,20
蓝球定五码 01,02,07,11,12
红球12码 06,08,11,12,13,14,15,16,19,20,26,32
红球杀三码 05,24,25
红球龙头两码 06,08
红球凤尾两码 26,32
==================薄彩在身=================
红球独胆 10
蓝球定三码 01,03,09
红球杀六码 08,11,13,21,25,31
红球25码 01,02,04,05,06,07,09,10,12,14,15,16,17,18,19,20,22,24,26,27,28,29,30,32,33
蓝球杀五码 02,06,07,08,13
红球20码 01,05,06,07,09,10,15,16,17,18,19,20,22,24,26,28,29,30,32,33
红球双胆 06,10
红球三胆 06,10,24
蓝球定五码 01,03,09,10,11
红球12码 01,06,09,10,16,18,19,22,24,26,29,33
红球杀三码 13,25,31
红球龙头两码 01,06
红球凤尾两码 29,33
==================百事大吉=================
红球独胆 21
蓝球定三码 01,05,06
红球杀六码 03,05,10,11,16,18
红球25码 01,02,04,06,07,08,09,12,13,14,15,17,19,20,21,22,23,24,27,28,29,30,31,32,33
蓝球杀五码 04,09,11,15,16
红球20码 01,02,04,06,07,08,09,12,14,15,17,19,21,22,23,24,28,29,31,33
红球双胆 04,21
红球三胆 04,09,21
蓝球定五码 01,05,06,08,13
红球12码 01,02,04,08,09,12,15,17,19,21,24,31
红球杀三码 05,11,16
红球龙头两码 01,02
红球凤尾两码 24,31
==================小仙女=================
红球独胆 04
蓝球定三码 01,15,16
红球杀六码 02,14,18,20,24,25
红球25码 01,03,04,05,06,07,08,09,10,11,13,15,16,17,19,21,22,23,26,28,29,30,31,32,33
蓝球杀五码 04,09,10,13,14
红球20码 03,04,05,06,07,08,09,10,11,13,15,16,17,21,22,28,30,31,32,33
红球双胆 04,15
红球三胆 04,15,21
蓝球定五码 01,03,08,15,16
红球12码 04,05,06,11,15,16,17,21,22,31,32,33
红球杀三码 18,20,25
红球龙头两码 04,05
红球凤尾两码 32,33
==================完美运程=================
红球独胆 32
蓝球定三码 07,09,14
红球杀六码 08,11,15,23,25,28
红球25码 01,02,03,04,06,07,10,12,13,14,16,17,18,19,20,21,22,24,26,27,29,30,31,32,33
蓝球杀五码 05,06,12,15,16
红球20码 01,02,03,04,07,10,12,14,17,18,19,21,22,24,26,29,30,31,32,33
红球双胆 21,32
红球三胆 21,32,33
蓝球定五码 07,09,11,13,14
红球12码 01,03,04,10,14,17,19,21,22,29,32,33
红球杀三码 08,11,28
红球龙头两码 01,03
红球凤尾两码 32,33
==================天之骄子=================
红球独胆 17
蓝球定三码 02,06,14
红球杀六码 03,06,07,15,16,31
红球25码 01,02,04,05,08,09,10,11,13,14,17,18,19,20,21,22,23,24,25,26,27,28,30,32,33
蓝球杀五码 01,05,08,09,16
红球20码 01,02,04,05,08,10,13,17,18,19,21,22,23,24,25,27,28,30,32,33
红球双胆 17,28
红球三胆 17,27,28
蓝球定五码 02,06,12,13,14
红球12码 01,02,08,10,17,21,22,23,27,28,30,32
红球杀三码 06,07,16
红球龙头两码 01,02
红球凤尾两码 30,32
==================小豆豆=================
红球独胆 08
蓝球定三码 02,05,11
红球杀六码 02,04,06,11,14,15
红球25码 01,03,05,08,09,10,12,13,16,17,18,19,20,21,22,23,24,25,27,28,29,30,31,32,33
蓝球杀五码 03,04,12,14,16
红球20码 01,03,08,09,10,12,13,16,17,18,19,20,21,22,23,28,29,31,32,33
红球双胆 08,21
红球三胆 08,21,22
蓝球定五码 02,05,07,09,11
红球12码 01,03,08,10,16,21,22,23,28,31,32,33
红球杀三码 02,14,15
红球龙头两码 01,03
红球凤尾两码 32,33
==================连连碰=================
红球独胆 25
蓝球定三码 04,11,12
红球杀六码 03,04,05,21,27,29
红球25码 01,02,06,07,09,10,11,12,13,14,15,16,17,18,19,20,22,24,25,26,28,30,31,32,33
蓝球杀五码 02,08,09,10,16
红球20码 01,02,06,07,09,10,11,12,14,15,16,17,19,20,22,25,28,30,31,32
红球双胆 25,31
红球三胆 09,25,31
蓝球定五码 03,04,05,11,12
红球12码 01,06,07,09,12,15,16,20,22,25,31,32
红球杀三码 04,05,29
红球龙头两码 01,06
红球凤尾两码 31,32
==================西龙=================
红球独胆 21
蓝球定三码 02,03,10
红球杀六码 06,09,13,18,25,30
红球25码 01,02,03,05,07,08,10,11,12,14,15,16,17,19,20,21,22,23,24,26,27,29,31,32,33
蓝球杀五码 05,06,11,13,14
红球20码 02,03,05,07,08,10,14,15,16,17,19,20,21,22,23,24,27,29,31,32
红球双胆 10,21
红球三胆 10,21,31
蓝球定五码 02,03,04,10,12
红球12码 03,08,10,14,15,20,21,22,23,24,31,32
红球杀三码 13,18,30
红球龙头两码 03,08
红球凤尾两码 31,32
==================李寒=================
红球独胆 13
蓝球定三码 01,06,10
红球杀六码 04,05,25,26,31,32
红球25码 01,02,03,06,07,08,09,10,11,12,13,14,15,17,18,20,21,22,23,24,27,28,29,30,33
蓝球杀五码 02,05,07,12,14
红球20码 01,03,06,08,09,10,11,12,13,14,15,17,18,21,23,24,27,29,30,33
红球双胆 13,30
红球三胆 13,17,30
蓝球定五码 01,03,06,10,16
红球12码 01,08,09,13,14,17,21,23,24,27,30,33
红球杀三码 05,25,31
红球龙头两码 01,08
红球凤尾两码 30,33
==================法神=================
红球独胆 07
蓝球定三码 10,12,15
红球杀六码 02,09,15,25,30,33
红球25码 01,03,04,05,06,07,08,10,11,12,13,14,17,18,19,20,22,23,24,26,27,28,29,31,32
蓝球杀五码 01,03,05,08,13
红球20码 01,03,04,07,08,10,11,12,13,14,17,19,20,22,23,24,27,28,29,32
红球双胆 07,27
红球三胆 04,07,27
蓝球定五码 07,10,12,14,15
红球12码 03,04,07,08,10,11,12,14,19,20,24,27
红球杀三码 09,25,33
红球龙头两码 03,04
红球凤尾两码 24,27
==================丹姿=================
红球独胆 26
蓝球定三码 06,07,09
红球杀六码 02,18,20,25,29,30
红球25码 01,03,04,05,06,07,08,09,10,11,12,13,14,15,17,19,21,22,23,24,26,28,31,32,33
蓝球杀五码 01,02,04,10,11
红球20码 01,03,04,05,06,07,09,10,11,13,14,15,17,21,22,24,26,28,31,33
红球双胆 22,26
红球三胆 22,24,26
蓝球定五码 06,07,09,14,15
红球12码 04,05,07,09,13,14,15,22,24,26,31,33
红球杀三码 02,20,29
红球龙头两码 04,05
红球凤尾两码 31,33
==================狐王=================
红球独胆 11
蓝球定三码 04,06,08
红球杀六码 01,05,13,15,19,23
红球25码 02,03,04,06,07,08,10,11,12,14,16,17,18,20,21,22,24,25,26,27,28,29,30,32,33
蓝球杀五码 09,10,12,13,15
红球20码 03,04,06,07,10,11,12,14,17,18,20,21,22,24,25,26,27,30,32,33
红球双胆 11,17
红球三胆 11,17,26
蓝球定五码 04,06,08,14,16
红球12码 03,04,10,11,12,14,17,20,22,26,27,30
红球杀三码 01,05,15
红球龙头两码 03,04
红球凤尾两码 27,30
==================幽冉=================
红球独胆 07
蓝球定三码 01,04,06
红球杀六码 01,14,24,30,31,32
红球25码 02,03,04,05,06,07,10,11,12,13,15,16,17,18,19,20,21,22,23,25,26,27,28,29,33
蓝球杀五码 03,09,12,13,14
红球20码 02,03,04,05,06,07,10,11,12,15,18,19,20,21,22,25,26,27,28,33
红球双胆 07,10
红球三胆 07,10,15
蓝球定五码 01,04,05,06,07
红球12码 02,03,04,07,10,12,15,18,25,26,27,28
红球杀三码 14,30,32
红球龙头两码 02,03
红球凤尾两码 27,28
==================惊天危机=================
红球独胆 16
蓝球定三码 01,03,04
红球杀六码 03,05,19,22,27,30
红球25码 01,04,06,07,08,09,10,11,12,13,14,15,16,17,18,20,21,23,25,26,28,29,31,32,33
蓝球杀五码 02,08,11,12,15
红球20码 01,04,06,08,09,10,11,12,14,15,16,17,18,21,23,26,28,29,32,33
红球双胆 16,28
红球三胆 15,16,28
蓝球定五码 01,03,04,05,14
红球12码 01,04,06,08,09,10,15,16,21,28,32,33
红球杀三码 03,05,19
红球龙头两码 01,04
红球凤尾两码 32,33
==================痛并快乐=================
红球独胆 03
蓝球定三码 04,11,16
红球杀六码 06,10,16,21,22,24
红球25码 01,02,03,04,05,07,08,09,11,13,14,17,18,19,20,23,25,26,27,28,29,30,31,32,33
蓝球杀五码 01,02,06,07,08
红球20码 01,02,03,04,05,08,09,11,13,17,18,19,20,23,25,26,28,31,32,33
红球双胆 03,33
红球三胆 03,26,33
蓝球定五码 03,04,11,13,16
红球12码 01,02,03,04,05,09,11,19,25,26,32,33
红球杀三码 06,22,24
红球龙头两码 01,02
红球凤尾两码 32,33
==================助力=================
红球独胆 19
蓝球定三码 15,14,06
红球杀六码 08,07,28,24,06,15
红球25码 19,16,23,04,21,09,14,30,32,03,33,26,17,29,13,11,12,01,27,22,02,20,25,31,10
蓝球杀五码 11,16,05,03,02
红球20码 19,16,23,04,21,09,14,30,32,03,33,26,17,29,13,11,12,01,27,22
红球双胆 19,16
红球三胆 19,16,23
蓝球定五码 15,14,06,07,04
红球12码 19,16,23,04,21,09,14,30,32,03,33,26
红球杀三码 08,07,28
红球龙头两码 03,04
红球凤尾两码 32,33
==================达达=================
红球独胆 09
蓝球定三码 16,01,02
红球杀六码 21
红球25码 01,02,03,04,05,07,09,10,14,17,18,19,22,24,25,28,29,31,32,33
蓝球杀五码 09,08,07,06,05
红球20码 02,03,04,05,07,09,10,14,17,18,19,24,28,29,32,33
红球双胆 09,17
红球三胆 09,17,24
蓝球定五码 10,16,01,02,03
红球12码 02,05,09,10,14,17,24,29,32,33
红球杀三码 08,16,20
红球龙头两码 05,15
红球凤尾两码 29,33
==================万神=================
红球独胆 23
蓝球定三码 10,11,12
红球杀六码 04,14,18,21,25,31
红球25码 02,03,05,06,07,09,10,11,12,13,15,16,17,19,20,22,23,24,26,27,28,29,30,32,33
蓝球杀五码 01,05,13,14,15
红球20码 02,03,05,06,07,09,10,11,12,13,15,17,19,20,23,24,27,28,29,30
红球双胆 17,23
红球三胆 13,17,23
蓝球定五码 02,08,10,11,12
红球12码 03,05,09,10,13,17,19,20,23,24,27,30
红球杀三码 04,14,18
红球龙头两码 03,05
红球凤尾两码 27,30
==================彩天地=================
红球独胆 14
蓝球定三码 01,03,08
红球杀六码 01,04,08,17,29,33
红球25码 02,03,05,06,07,09,10,11,12,13,14,15,18,19,20,21,22,23,24,25,26,28,30,31,32
蓝球杀五码 05,06,07,14,15
红球20码 05,06,07,09,10,12,13,14,15,18,19,21,22,23,25,26,28,30,31,32
红球双胆 10,14
红球三胆 10,14,32
蓝球定五码 01,03,08,10,11
红球12码 05,06,07,10,14,18,22,25,26,30,31,32
红球杀三码 01,04,17
红球龙头两码 05,06
红球凤尾两码 31,32
==================谁与争锋=================
红球独胆 33
蓝球定三码 10,14,16
红球杀六码 05,09,23,24,28,29
红球25码 01,02,03,04,06,07,08,10,12,14,15,16,17,18,19,20,21,22,25,26,27,30,31,32,33
蓝球杀五码 05,06,11,13,15
红球20码 01,02,03,06,07,10,12,15,16,17,18,19,20,21,22,27,30,31,32,33
红球双胆 20,33
红球三胆 12,20,33
蓝球定五码 08,10,12,14,16
红球12码 01,02,06,07,12,16,18,20,22,27,32,33
红球杀三码 23,24,29
红球龙头两码 01,02
红球凤尾两码 32,33
==================孤雁看胆=================
红球独胆 25
蓝球定三码 06,11,16
红球杀六码 11,17,20,22,29,31
红球25码 01,02,03,04,07,08,09,10,12,13,14,15,16,18,19,21,23,24,25,26,27,28,30,32,33
蓝球杀五码 04,07,08,12,15
红球20码 01,03,04,07,08,09,12,13,14,16,18,19,24,25,26,27,28,30,32,33
红球双胆 24,25
红球三胆 24,25,30
蓝球定五码 01,06,09,11,16
红球12码 03,08,09,12,14,16,18,24,25,26,30,32
红球杀三码 11,20,31
红球龙头两码 03,08
红球凤尾两码 30,32
==================军师吴用=================
红球独胆 23
蓝球定三码 07,12,14
红球杀六码 02,06,09,11,28,31
红球25码 01,03,04,05,07,08,12,13,15,16,17,18,19,20,21,22,23,24,25,26,27,29,30,32,33
蓝球杀五码 01,04,08,09,15
红球20码 01,04,05,12,13,15,16,18,19,20,21,23,24,25,26,27,29,30,32,33
红球双胆 16,23
红球三胆 16,19,23
蓝球定五码 02,07,10,12,14
红球12码 01,04,05,15,16,18,19,23,24,27,29,30
红球杀三码 09,11,31
红球龙头两码 01,04
红球凤尾两码 29,30
==================脱口秀=================
红球独胆 13
蓝球定三码 02,06,09
红球杀六码 02,17,23,24,28,31
红球25码 01,03,04,06,07,08,09,10,11,12,13,14,15,16,18,19,21,22,25,26,27,29,30,32,33
蓝球杀五码 05,11,12,14,16
红球20码 03,04,07,08,10,12,13,14,15,16,18,19,21,25,26,27,29,30,32,33
红球双胆 08,13
红球三胆 08,13,21
蓝球定五码 02,06,08,09,10
红球12码 04,07,08,10,13,14,15,16,21,25,30,33
红球杀三码 02,17,24
红球龙头两码 04,07
红球凤尾两码 30,33
==================潮人=================
红球独胆 01
蓝球定三码 01,03,11
红球杀六码 09,10,13,17,22,29
红球25码 01,02,04,05,06,07,08,11,12,14,15,16,18,19,20,21,23,24,25,26,27,28,30,31,33
蓝球杀五码 04,05,07,10,14
红球20码 01,02,04,06,08,11,14,15,16,18,19,21,23,24,25,27,28,30,31,33
红球双胆 01,24
红球三胆 01,24,33
蓝球定五码 01,03,08,11,15
红球12码 01,02,04,06,08,11,16,18,24,25,27,33
红球杀三码 13,17,22
红球龙头两码 01,02
红球凤尾两码 27,33
==================西坝=================
红球独胆 23
蓝球定三码 07,08,15
红球杀六码 04,10,14,17,24,32
红球25码 01,02,03,05,06,07,08,11,12,13,15,16,18,19,20,21,22,23,25,26,28,29,30,31,33
蓝球杀五码 02,04,06,09,16
红球20码 01,02,03,05,06,07,08,12,13,15,19,21,22,23,25,26,28,29,30,31
红球双胆 23,31
红球三胆 05,23,31
蓝球定五码 07,08,11,14,15
红球12码 02,03,05,06,13,15,21,23,26,28,30,31
红球杀三码 04,10,24
红球龙头两码 02,03
红球凤尾两码 30,31
==================小糖人=================
红球独胆 05
蓝球定三码 02,03,05
红球杀六码 01,03,13,18,19,21
红球25码 02,04,05,06,07,08,09,10,12,14,15,16,17,20,22,23,24,25,27,28,29,30,31,32,33
蓝球杀五码 04,07,10,11,12
红球20码 02,04,05,06,08,09,12,14,15,16,20,22,23,24,25,28,29,30,31,32
红球双胆 02,05
红球三胆 02,05,15
蓝球定五码 02,03,05,14,16
红球12码 02,05,06,08,12,14,15,16,20,24,30,31
红球杀三码 01,19,21
红球龙头两码 02,05
红球凤尾两码 30,31
==================火力全开=================
红球独胆 28
蓝球定三码 05,10,14
红球杀六码 02,08,10,15,22,29
红球25码 01,03,04,06,07,09,11,12,13,14,16,17,18,19,20,21,23,25,26,27,28,30,31,32,33
蓝球杀五码 02,03,06,13,16
红球20码 01,04,07,09,11,14,16,17,18,19,21,23,25,26,27,28,30,31,32,33
红球双胆 11,28
红球三胆 11,21,28
蓝球定五码 05,07,10,12,14
红球12码 01,04,07,11,14,19,21,26,27,28,31,33
红球杀三码 08,15,29
红球龙头两码 01,04
红球凤尾两码 31,33
==================维迪尔=================
红球独胆 04
蓝球定三码 01,12,16
红球杀六码 22,25,27,28,29,31
红球25码 01,02,03,04,06,07,08,09,10,11,12,13,14,15,16,17,18,19,20,23,24,26,30,32,33
蓝球杀五码 03,06,07,09,14
红球20码 01,03,04,06,08,09,10,11,12,13,16,18,19,20,23,24,26,30,32,33
红球双胆 04,16
红球三胆 04,16,20
蓝球定五码 01,11,12,15,16
红球12码 04,10,11,12,16,18,19,20,24,26,30,32
红球杀三码 22,25,29
红球龙头两码 04,10
红球凤尾两码 30,32
