==================飞花潇雪=================
红球独胆 09
蓝球定三码 10,14,16
红球杀六码 03,05,15,18,30,32
红球25码 01,02,06,07,08,09,10,11,12,16,17,21,22,23,25,26,28,31,33
蓝球杀五码 03,07,09,12,13
红球20码 01,02,06,08,09,10,12,16,17,21,22,25,28,31,33
红球双胆 09,22
红球三胆 09,10,22
蓝球定五码 06,10,14,16
红球12码 01,09,10,16,22,28,31,33
红球杀三码 15,18,30
红球龙头两码 01,09
红球凤尾两码 31
==================西龙=================
红球独胆 32
蓝球定三码 07,09,11
红球杀六码 01,11,12,14,15,23
红球25码 02,03,04,05,06,07,08,09,10,13,16,17,18,19,20,22,24,26,27,28,29,30,31,32,33
蓝球杀五码 01,03,06,12,14
红球20码 02,03,05,07,08,09,10,13,16,17,18,19,20,22,24,26,27,29,32,33
红球双胆 17,32
红球三胆 17,27,32
蓝球定五码 02,07,09,10,11
红球12码 03,05,09,13,16,17,18,20,26,27,32,33
红球杀三码 11,12,14
红球龙头两码 03,05
红球凤尾两码 32,33
==================百事大吉=================
红球独胆 10
蓝球定三码 08,15,16
红球杀六码 01,06,11,20,31,33
红球25码 02,03,04,05,07,08,10,12,14,15,16,17,18,19,21,22,23,24,25,26,27,28,29,30,32
蓝球杀五码 01,02,03,05,10
红球20码 03,05,08,10,12,15,16,17,18,19,21,22,23,24,25,26,27,28,30,32
红球双胆 03,10
红球三胆 03,10,30
蓝球定五码 04,08,13,15,16
红球12码 03,08,10,15,16,18,21,22,23,24,26,30
红球杀三码 06,11,33
红球龙头两码 03,08
红球凤尾两码 26,30
==================连连碰=================
红球独胆 22
蓝球定三码 05,08,11
红球杀六码 10,15,20,21,27,32
红球25码 01,02,03,04,05,06,07,09,11,12,13,14,16,17,18,19,22,23,25,26,28,29,30,31,33
蓝球杀五码 01,03,04,09,14
红球20码 02,03,05,06,07,09,11,12,13,16,17,18,19,22,23,26,28,30,31,33
红球双胆 22,28
红球三胆 22,28,31
蓝球定五码 05,06,08,10,11
红球12码 09,11,12,13,16,22,23,26,28,30,31,33
红球杀三码 10,15,32
红球龙头两码 09,11
红球凤尾两码 31,33
==================潮人=================
红球独胆 20
蓝球定三码 04,07,16
红球杀六码 07,16,19,22,28,31
红球25码 02,03,04,05,06,08,10,11,12,13,14,15,17,18,20,21,23,24,25,26,27,29,30,32,33
蓝球杀五码 06,09,10,12,15
红球20码 02,03,06,08,10,11,12,13,14,15,17,18,20,21,23,25,26,29,30,33
红球双胆 20,21
红球三胆 20,21,30
蓝球定五码 02,03,04,07,16
红球12码 03,06,08,10,13,17,20,21,23,26,29,30
红球杀三码 07,19,28
红球龙头两码 03,06
红球凤尾两码 29,30
==================狐王=================
红球独胆 13
蓝球定三码 06,11,13
红球杀六码 01,04,19,20,24,30
红球25码 02,03,05,06,07,08,09,10,11,12,13,14,15,16,17,18,21,23,25,26,27,28,29,31,33
蓝球杀五码 02,03,04,05,12
红球20码 02,03,05,06,08,09,10,11,12,13,15,16,17,18,21,25,26,28,29,33
红球双胆 13,28
红球三胆 10,13,28
蓝球定五码 06,09,11,13,14
红球12码 02,03,06,10,13,15,16,21,25,26,28,29
红球杀三码 01,19,24
红球龙头两码 02,03
红球凤尾两码 28,29
==================格兰雄狮=================
红球独胆 10
蓝球定三码 02,10,11
红球杀六码 02,06,19,25,26,32
红球25码 01,03,04,05,07,08,09,10,11,12,13,14,15,16,17,18,20,22,23,24,27,29,30,31,33
蓝球杀五码 03,04,08,13,15
红球20码 01,03,04,05,07,08,09,10,11,12,14,15,16,17,18,20,22,23,30,33
红球双胆 03,10
红球三胆 03,07,10
蓝球定五码 01,02,10,11,16
红球12码 03,07,09,10,12,14,15,16,20,22,30,33
红球杀三码 02,25,32
红球龙头两码 03,07
红球凤尾两码 30,33
==================东方卫视=================
红球独胆 27
蓝球定三码 08,13,14
红球杀六码 04,05,07,09,14,18
红球25码 01,02,03,06,10,11,12,13,15,16,17,19,20,21,22,24,25,26,27,28,29,30,31,32,33
蓝球杀五码 01,03,04,12,15
红球20码 01,02,03,10,11,12,13,15,17,19,20,21,22,24,27,28,29,30,31,32
红球双胆 03,27
红球三胆 03,22,27
蓝球定五码 05,08,10,13,14
红球12码 02,03,11,12,13,17,22,27,28,29,30,32
红球杀三码 07,09,14
红球龙头两码 02,03
红球凤尾两码 30,32
==================完美运程=================
红球独胆 27
蓝球定三码 08,12,13
红球杀六码 12,17,20,21,25,32
红球25码 01,02,03,04,05,06,07,08,09,10,11,13,14,15,18,19,22,23,24,26,27,28,30,31,33
蓝球杀五码 01,02,04,07,10
红球20码 01,02,03,04,05,06,07,08,09,11,13,14,18,19,23,26,27,28,30,31
红球双胆 19,27
红球三胆 02,19,27
蓝球定五码 03,08,12,13,15
红球12码 02,03,05,06,13,18,19,23,26,27,28,30
红球杀三码 12,20,21
红球龙头两码 02,03
红球凤尾两码 28,30
==================第二神=================
红球独胆 29
蓝球定三码 06,07,12
红球杀六码 03,05,11,16,23,31
红球25码 01,02,04,06,07,08,09,10,12,14,15,17,18,19,21,22,24,25,26,27,28,29,30,32,33
蓝球杀五码 08,13,14,15,16
红球20码 02,04,06,07,09,10,14,15,17,18,21,22,24,25,26,27,28,29,30,32
红球双胆 10,29
红球三胆 02,10,29
蓝球定五码 03,06,07,10,12
红球12码 02,04,06,09,10,14,17,18,25,27,28,29
红球杀三码 11,16,31
红球龙头两码 02,04
红球凤尾两码 28,29
==================称心码=================
红球独胆 24
蓝球定三码 01,02,14
红球杀六码 02,06,09,11,25,29
红球25码 01,03,04,05,08,10,12,13,14,15,16,17,18,19,20,21,22,23,24,27,28,30,31,32,33
蓝球杀五码 07,08,13,15,16
红球20码 03,04,05,08,10,13,15,16,17,18,19,20,21,22,23,24,27,28,30,33
红球双胆 08,24
红球三胆 03,08,24
蓝球定五码 01,02,03,10,14
红球12码 03,04,05,08,10,13,16,19,20,22,24,27
红球杀三码 06,11,29
红球龙头两码 03,04
红球凤尾两码 24,27
==================惊天危机=================
红球独胆 01
蓝球定三码 02,07,16
红球杀六码 12,15,16,21,29,31
红球25码 01,02,03,04,05,06,07,08,09,10,11,13,14,17,18,19,20,22,23,24,25,26,28,30,33
蓝球杀五码 03,05,08,09,10
红球20码 01,02,03,05,06,07,08,09,11,13,17,18,19,20,22,23,25,26,28,30
红球双胆 01,13
红球三胆 01,02,13
蓝球定五码 02,06,07,15,16
红球12码 01,02,05,06,07,08,11,13,18,22,23,28
红球杀三码 12,21,29
红球龙头两码 01,02
红球凤尾两码 23,28
==================巫妖=================
红球独胆 18
蓝球定三码 01,06,08
红球杀六码 01,05,08,27,30,31
红球25码 02,03,04,07,09,10,11,12,13,14,15,16,17,18,19,20,21,22,23,24,25,28,29,32,33
蓝球杀五码 10,11,14,15,16
红球20码 02,03,04,07,09,10,11,12,13,14,15,17,18,21,22,23,24,25,28,32
红球双胆 03,18
红球三胆 03,09,18
蓝球定五码 01,05,06,08,13
红球12码 03,09,10,11,13,14,17,18,22,24,25,32
红球杀三码 01,30,31
红球龙头两码 03,09
红球凤尾两码 25,32
==================四通八达=================
红球独胆 22
蓝球定三码 02,06,12
红球杀六码 08,10,15,19,25,28
红球25码 01,02,03,05,06,07,09,11,12,13,14,17,18,20,21,22,23,24,26,27,29,30,31,32,33
蓝球杀五码 03,10,13,15,16
红球20码 01,02,03,05,06,07,09,11,12,13,17,20,21,22,23,24,26,30,31,33
红球双胆 22,23
红球三胆 22,23,26
蓝球定五码 02,04,06,07,12
红球12码 01,07,09,11,12,13,17,20,22,23,26,31
红球杀三码 19,25,28
红球龙头两码 01,07
红球凤尾两码 26,31
==================百炼成钢=================
红球独胆 28
蓝球定三码 14,15,16
红球杀六码 05,06,11,15,16,30
红球25码 01,02,03,04,07,08,09,12,13,14,17,19,20,21,22,23,24,25,26,27,28,29,31,32,33
蓝球杀五码 03,05,06,10,13
红球20码 02,03,04,07,08,09,12,13,14,17,20,22,24,25,27,28,29,31,32,33
红球双胆 24,28
红球三胆 07,24,28
蓝球定五码 01,09,14,15,16
红球12码 07,08,09,12,17,24,25,27,28,29,31,33
红球杀三码 05,11,16
红球龙头两码 07,08
红球凤尾两码 31,33
==================西川达子=================
红球独胆 24
蓝球定三码 07,13,14
红球杀六码 01,02,05,25,28,29
红球25码 03,04,07,08,09,10,11,12,13,14,15,17,18,19,20,21,22,23,24,26,27,30,31,32,33
蓝球杀五码 01,03,04,11,15
红球20码 03,04,08,09,10,11,12,14,15,17,18,19,21,22,23,24,26,30,32,33
红球双胆 24,33
红球三胆 15,24,33
蓝球定五码 05,07,13,14,16
红球12码 04,08,09,10,11,14,15,21,24,26,30,33
红球杀三码 01,02,28
红球龙头两码 04,08
红球凤尾两码 30,33
==================演绎人生=================
红球独胆 01
蓝球定三码 09,11,16
红球杀六码 04,05,07,17,30,31
红球25码 01,02,03,06,08,09,10,11,14,15,16,18,19,20,21,22,23,24,25,26,27,28,29,32,33
蓝球杀五码 01,02,06,07,12
红球20码 01,02,03,08,09,10,15,16,18,19,20,21,22,23,24,25,26,27,29,32
红球双胆 01,03
红球三胆 01,03,26
蓝球定五码 05,09,11,15,16
红球12码 01,03,16,18,20,21,22,24,25,26,27,29
红球杀三码 04,05,17
红球龙头两码 01,03
红球凤尾两码 27,29
==================幽冉=================
红球独胆 08
蓝球定三码 03,04,12
红球杀六码 01,03,19,24,25,33
红球25码 02,04,05,06,07,08,09,10,11,12,13,14,15,16,17,18,20,21,22,23,26,27,29,30,32
蓝球杀五码 05,08,13,15,16
红球20码 02,05,06,07,08,09,10,11,12,13,15,17,18,20,22,23,27,29,30,32
红球双胆 08,15
红球三胆 08,10,15
蓝球定五码 01,02,03,04,12
红球12码 05,06,07,08,10,11,13,15,17,18,20,22
红球杀三码 01,03,33
红球龙头两码 05,06
红球凤尾两码 20,22
==================真心相待=================
红球独胆 01
蓝球定三码 04,09,10
红球杀六码 02,09,15,17,28,31
红球25码 01,03,05,06,07,08,10,11,12,13,14,16,18,19,20,21,22,23,24,25,27,29,30,32,33
蓝球杀五码 02,11,14,15,16
红球20码 01,03,06,07,08,10,11,12,13,16,19,20,21,22,23,25,27,29,30,33
红球双胆 01,13
红球三胆 01,13,22
蓝球定五码 04,05,09,10,13
红球12码 01,06,07,08,12,13,19,20,21,22,30,33
红球杀三码 09,15,28
红球龙头两码 01,06
红球凤尾两码 30,33
==================暗渡陈仓=================
红球独胆 08
蓝球定三码 09,12,13
红球杀六码 06,11,16,25,30,31
红球25码 02,03,04,05,07,08,09,10,12,14,15,17,18,19,20,21,22,23,24,26,27,28,29,32,33
蓝球杀五码 01,02,03,04,06
红球20码 02,07,08,09,10,12,14,15,18,19,20,21,22,23,26,27,28,29,32,33
红球双胆 02,08
红球三胆 02,08,29
蓝球定五码 05,09,10,12,13
红球12码 02,08,10,12,19,20,21,22,23,29,32,33
红球杀三码 06,25,31
红球龙头两码 02,08
红球凤尾两码 32,33
==================天宇=================
红球独胆 06
蓝球定三码 09,11,12
红球杀六码 01,02,03,14,29,31
红球25码 04,06,07,08,09,10,11,12,13,15,16,17,18,19,20,21,22,23,24,25,26,27,30,32,33
蓝球杀五码 01,02,06,08,13
红球20码 04,06,07,08,09,10,11,12,13,15,16,19,20,21,22,25,26,27,30,33
红球双胆 06,08
红球三胆 06,08,26
蓝球定五码 04,09,10,11,12
红球12码 04,06,08,09,12,16,19,20,21,22,26,27
红球杀三码 03,29,31
红球龙头两码 04,06
红球凤尾两码 26,27
==================彩天地=================
红球独胆 12
蓝球定三码 01,04,06
红球杀六码 02,19,26,29,30,32
红球25码 01,03,05,06,07,08,09,10,11,12,13,14,15,16,18,20,21,22,23,24,25,27,28,31,33
蓝球杀五码 02,07,10,11,13
红球20码 01,03,05,09,10,11,12,13,15,16,18,20,22,23,24,25,27,28,31,33
红球双胆 09,12
红球三胆 09,11,12
蓝球定五码 01,04,06,12,15
红球12码 01,03,09,10,11,12,18,22,24,25,28,33
红球杀三码 19,26,30
红球龙头两码 01,03
红球凤尾两码 28,33
==================清风雪舞=================
红球独胆 10
蓝球定三码 03,08,14
红球杀六码 13,14,20,25,29,32
红球25码 01,02,03,05,06,07,08,09,10,11,12,15,16,17,18,19,21,22,23,24,27,28,30,31,33
蓝球杀五码 04,05,06,12,13
红球20码 01,02,03,05,07,09,10,11,16,17,18,19,21,22,23,27,28,30,31,33
红球双胆 10,31
红球三胆 10,23,31
蓝球定五码 01,03,08,14,16
红球12码 01,02,05,07,09,10,16,19,23,30,31,33
红球杀三码 13,20,32
红球龙头两码 01,02
红球凤尾两码 31,33
==================薄彩在身=================
红球独胆 29
蓝球定三码 02,08,15
红球杀六码 01,08,20,21,24,30
红球25码 02,03,04,05,06,07,09,10,11,12,13,14,15,16,17,18,19,22,25,27,28,29,31,32,33
蓝球杀五码 04,06,07,11,12
红球20码 03,04,05,06,07,09,11,13,14,15,16,17,18,19,25,28,29,31,32,33
红球双胆 03,29
红球三胆 03,11,29
蓝球定五码 02,03,08,15,16
红球12码 03,05,07,09,11,13,14,15,19,29,31,33
红球杀三码 01,08,20
红球龙头两码 03,05
红球凤尾两码 31,33
==================脱口秀=================
红球独胆 26
蓝球定三码 03,08,16
红球杀六码 03,04,06,14,16,25
红球25码 01,02,05,07,08,09,10,12,13,15,17,19,20,21,22,23,24,26,27,28,29,30,31,32,33
蓝球杀五码 04,06,09,11,15
红球20码 01,02,05,07,08,09,10,12,13,15,17,20,22,24,26,27,28,29,30,33
红球双胆 09,26
红球三胆 09,26,29
蓝球定五码 02,03,08,14,16
红球12码 02,07,09,13,20,22,24,26,27,29,30,33
红球杀三码 03,06,14
红球龙头两码 02,07
红球凤尾两码 30,33
==================丹姿=================
红球独胆 09
蓝球定三码 07,13,15
红球杀六码 03,05,16,21,22,27
红球25码 01,02,04,07,08,09,10,12,13,14,15,17,18,19,20,23,24,25,26,28,29,30,31,32,33
蓝球杀五码 01,03,08,12,16
红球20码 01,02,04,07,08,09,10,13,14,15,17,18,19,20,23,25,28,30,31,33
红球双胆 02,09
红球三胆 02,09,23
蓝球定五码 06,07,13,14,15
红球12码 01,02,08,09,13,14,19,23,25,30,31,33
红球杀三码 03,21,27
红球龙头两码 01,02
红球凤尾两码 31,33
==================小糖人=================
红球独胆 12
蓝球定三码 07,13,14
红球杀六码 07,13,18,22,27,28
红球25码 01,02,03,04,05,06,08,10,11,12,14,15,16,17,19,20,21,23,24,25,26,29,30,31,33
蓝球杀五码 04,09,10,12,15
红球20码 01,02,03,04,05,06,08,11,12,15,17,19,20,21,24,25,29,30,31,33
红球双胆 02,12
红球三胆 02,12,25
蓝球定五码 06,07,13,14,16
红球12码 01,02,05,08,11,12,19,20,21,24,25,31
红球杀三码 07,13,22
红球龙头两码 01,02
红球凤尾两码 25,31
==================军师吴用=================
红球独胆 24
蓝球定三码 01,07,11
红球杀六码 02,07,12,26,32,33
红球25码 01,03,04,05,06,08,09,10,11,13,14,15,16,17,18,19,22,23,24,25,27,28,29,30,31
蓝球杀五码 03,06,08,10,13
红球20码 01,03,04,05,06,08,09,10,14,15,17,18,19,22,23,24,25,27,28,29
红球双胆 22,24
红球三胆 05,22,24
蓝球定五码 01,04,07,11,14
红球12码 01,04,05,14,17,18,19,22,23,24,27,28
红球杀三码 02,12,32
红球龙头两码 01,04
红球凤尾两码 27,28
==================西坝=================
红球独胆 29
蓝球定三码 07,14,15
红球杀六码 08,11,13,23,31,32
红球25码 03,04,05,06,07,09,10,12,14,15,16,17,18,19,20,21,22,24,25,26,27,28,29,30,33
蓝球杀五码 04,08,09,11,12
红球20码 04,05,06,07,09,10,12,14,17,18,20,22,24,25,26,27,28,29,30,33
红球双胆 17,29
红球三胆 17,27,29
蓝球定五码 01,03,07,14,15
红球12码 05,06,10,12,17,20,22,24,26,27,28,29
红球杀三码 08,11,32
红球龙头两码 05,06
红球凤尾两码 28,29
==================法神=================
红球独胆 10
蓝球定三码 05,06,14
红球杀六码 01,02,04,07,27,30
红球25码 03,05,06,09,10,11,12,13,14,15,16,17,18,19,21,22,23,24,25,26,28,29,31,32,33
蓝球杀五码 01,03,04,08,10
红球20码 03,05,09,10,11,12,13,14,15,16,17,18,19,24,26,28,29,31,32,33
红球双胆 10,14
红球三胆 10,14,15
蓝球定五码 05,06,09,14,16
红球12码 05,10,13,14,15,16,19,26,28,29,31,33
红球杀三码 02,27,30
红球龙头两码 05,10
红球凤尾两码 31,33
==================痛并快乐=================
红球独胆 22
蓝球定三码 03,05,12
红球杀六码 01,02,03,04,14,19
红球25码 05,07,08,09,10,11,13,15,16,17,18,20,21,22,23,24,25,26,27,28,29,30,31,32,33
蓝球杀五码 04,09,11,15,16
红球20码 05,07,08,09,10,11,13,15,17,20,22,23,24,25,27,28,29,30,31,32
红球双胆 22,23
红球三胆 10,22,23
蓝球定五码 03,05,08,12,13
红球12码 05,10,15,17,20,22,23,24,25,27,29,32
红球杀三码 01,03,04
红球龙头两码 05,10
红球凤尾两码 29,32
==================火力全开=================
红球独胆 18
蓝球定三码 03,07,13
红球杀六码 13,15,19,22,24,29
红球25码 01,02,04,05,06,07,08,09,10,11,12,14,16,17,18,20,21,23,25,26,27,28,30,31,32
蓝球杀五码 06,08,11,14,15
红球20码 01,02,05,06,07,09,10,11,12,14,16,18,23,25,26,27,28,30,31,32
红球双胆 07,18
红球三胆 07,16,18
蓝球定五码 03,04,07,09,13
红球12码 01,05,07,09,10,11,16,18,26,28,30,31
红球杀三码 13,15,29
红球龙头两码 01,05
红球凤尾两码 30,31
==================万神=================
红球独胆 23
蓝球定三码 10,11,12
红球杀六码 11,12,18,20,26,32
红球25码 01,02,03,05,06,07,09,10,13,14,15,16,17,19,21,22,23,24,25,27,28,29,30,31,33
蓝球杀五码 01,04,07,14,15
红球20码 01,02,03,06,07,09,10,13,14,16,19,21,22,23,24,27,28,29,30,33
红球双胆 02,23
红球三胆 02,23,27
蓝球定五码 05,06,10,11,12
红球12码 02,03,06,07,09,13,14,22,23,27,28,30
红球杀三码 18,26,32
红球龙头两码 02,03
红球凤尾两码 28,30
==================莫天命=================
红球独胆 05
蓝球定三码 01,10,15
红球杀六码 09,11,12,15,18,30
红球25码 01,02,03,04,05,06,07,08,10,13,14,16,17,19,20,21,22,23,24,26,27,28,29,31,33
蓝球杀五码 03,06,11,12,16
红球20码 01,02,03,04,05,06,08,13,16,20,21,22,23,24,26,27,28,29,31,33
红球双胆 05,24
红球三胆 02,05,24
蓝球定五码 01,07,09,10,15
红球12码 02,05,06,08,13,16,23,24,27,28,31,33
红球杀三码 09,15,30
红球龙头两码 02,05
红球凤尾两码 31,33
==================双色球达人=================
红球独胆 18
蓝球定三码 01,05,09
红球杀六码 02,05,19,21,24,26
红球25码 01,03,04,06,07,08,09,10,11,13,14,15,16,17,18,20,22,23,25,27,28,29,30,31,33
蓝球杀五码 02,08,11,14,16
红球20码 01,03,04,07,08,10,11,14,15,17,18,20,22,23,25,27,29,30,31,33
红球双胆 17,18
红球三胆 17,18,30
蓝球定五码 01,05,07,09,10
红球12码 01,07,08,11,17,18,22,23,25,30,31,33
红球杀三码 05,24,26
红球龙头两码 01,07
红球凤尾两码 31,33
==================小仙女=================
红球独胆 10
蓝球定三码 03,05,10
红球杀六码 01,08,12,13,15,32
红球25码 02,03,04,05,06,07,09,10,11,14,16,18,20,21,22,23,24,25,26,27,28,29,30,31,33
蓝球杀五码 01,08,09,11,12
红球20码 02,03,04,05,06,07,09,10,11,16,18,20,21,22,23,24,26,27,29,33
红球双胆 10,24
红球三胆 06,10,24
蓝球定五码 03,05,10,14,15
红球12码 02,05,06,07,09,10,11,21,22,24,26,33
红球杀三码 13,15,32
红球龙头两码 02,05
红球凤尾两码 26,33
==================小豆豆=================
红球独胆 24
蓝球定三码 07,12,16
红球杀六码 08,12,19,22,25,32
红球25码 01,02,03,04,06,07,09,11,13,14,15,16,17,18,20,21,23,24,26,27,28,29,30,31,33
蓝球杀五码 02,08,09,10,15
红球20码 01,02,03,04,06,07,11,14,15,16,18,20,21,23,24,27,28,30,31,33
红球双胆 18,24
红球三胆 18,24,31
蓝球定五码 04,07,11,12,16
红球12码 01,04,07,11,16,18,20,23,24,28,30,31
红球杀三码 12,22,32
红球龙头两码 01,04
红球凤尾两码 30,31
==================蜗蜗牛=================
红球独胆 27
蓝球定三码 03,10,14
红球杀六码 08,13,17,19,28,33
红球25码 01,02,03,04,05,06,07,10,11,12,14,15,16,18,20,21,22,23,24,25,26,27,29,30,32
蓝球杀五码 01,05,07,12,13
红球20码 01,02,03,04,05,06,07,10,11,12,14,15,20,22,23,25,27,29,30,32
红球双胆 01,27
红球三胆 01,03,27
蓝球定五码 03,08,09,10,14
红球12码 01,02,03,11,14,15,22,23,27,29,30,32
红球杀三码 13,17,19
红球龙头两码 01,02
红球凤尾两码 30,32
==================助力=================
红球独胆 06
蓝球定三码 08,06,03
红球杀六码 28,01,08,22,13,03
红球25码 06,25,05,17,33,12,07,23,27,14,18,10,09,24,20,15,04,26,30,21,19,02,29,32,16
蓝球杀五码 05,14,13,11,01
红球20码 06,25,05,17,33,12,07,23,27,14,18,10,09,24,20,15,04,26,30,21
红球双胆 06,25
红球三胆 06,25,05
蓝球定五码 08,06,03,15,16
红球12码 06,25,05,17,33,12,07,23,27,14,18,10
红球杀三码 28,01,08
红球龙头两码 05,06
红球凤尾两码 27,33
==================达达=================
红球独胆 04
蓝球定三码 16,01
红球杀六码 20
红球25码 01,02,03,04,05,06,08,09,11,12,15,17,18,19,22,23,25,28,30,32,33
蓝球杀五码 09,08,07,06,05
红球20码 01,02,03,04,05,08,09,11,15,17,18,22,23,25,32,33
红球双胆 04
红球三胆 04
蓝球定五码 10,16,01,03
红球12码 01,04,09,11,15,18,22,32,33
红球杀三码 07,10,16
红球龙头两码 09,11
红球凤尾两码 32
==================忘忧草=================
红球独胆 08
蓝球定三码 07,14,16
红球杀六码 02,21,24,28,29,33
红球25码 03,04,05,06,07,08,09,10,11,12,13,14,16,17,18,19,20,22,23,25,26,27,30,31,32
蓝球杀五码 05,06,08,09,13
红球20码 03,05,06,07,08,09,10,11,12,13,14,16,18,19,20,25,27,30,31,32
红球双胆 08,18
红球三胆 08,18,20
蓝球定五码 04,07,14,15,16
红球12码 03,05,06,08,13,14,18,19,20,25,31,32
红球杀三码 21,24,33
红球龙头两码 03,05
红球凤尾两码 31,32
==================寻雾=================
红球独胆 06
蓝球定三码 09,15,16
红球杀六码 14,16,17,22,23,28
红球25码 02,03,04,05,06,07,08,09,10,11,12,13,15,18,19,20,21,24,25,26,29,30,31,32,33
蓝球杀五码 02,06,11,12,14
红球20码 02,03,06,07,08,09,10,11,13,15,18,19,20,21,24,25,26,29,30,31
红球双胆 06,20
红球三胆 06,19,20
蓝球定五码 09,10,13,15,16
红球12码 02,03,06,08,09,10,18,19,20,21,26,30
红球杀三码 16,22,28
红球龙头两码 02,03
红球凤尾两码 26,30
==================谁与争锋=================
红球独胆 04
蓝球定三码 03,04,12
红球杀六码 08,12,19,22,23,28
红球25码 02,03,04,05,06,07,09,10,11,13,14,15,17,18,20,21,24,25,26,27,29,30,31,32,33
蓝球杀五码 07,08,09,13,16
红球20码 02,03,04,05,09,10,13,14,15,17,18,20,21,24,26,27,29,30,31,33
红球双胆 04,10
红球三胆 02,04,10
蓝球定五码 01,02,03,04,12
红球12码 02,03,04,05,10,13,15,17,20,29,31,33
红球杀三码 08,12,22
红球龙头两码 02,03
红球凤尾两码 31,33
==================天之骄子=================
红球独胆 02
蓝球定三码 02,08,16
红球杀六码 06,08,16,22,29,32
红球25码 01,02,03,04,05,07,09,11,12,13,14,15,17,18,19,20,21,23,24,25,26,27,30,31,33
蓝球杀五码 03,05,07,09,12
红球20码 01,02,03,04,09,11,14,15,17,18,19,20,21,23,24,25,27,30,31,33
红球双胆 02,15
红球三胆 02,15,30
蓝球定五码 01,02,08,11,16
红球12码 02,03,04,11,14,15,17,19,23,27,30,33
红球杀三码 08,22,29
红球龙头两码 02,03
红球凤尾两码 30,33
==================李寒=================
红球独胆 07
蓝球定三码 04,06,09
红球杀六码 03,15,20,23,26,32
红球25码 01,05,06,07,08,09,10,11,12,13,14,16,17,18,19,21,22,24,25,27,28,29,30,31,33
蓝球杀五码 05,07,10,14,15
红球20码 01,05,06,07,09,10,12,13,14,16,17,18,21,22,24,25,27,28,29,33
红球双胆 07,12
红球三胆 07,12,33
蓝球定五码 04,06,09,11,13
红球12码 01,05,06,07,12,13,16,21,22,25,29,33
红球杀三码 03,20,23
红球龙头两码 01,05
红球凤尾两码 29,33
==================维迪尔=================
红球独胆 17
蓝球定三码 08,09,13
红球杀六码 02,05,08,11,25,28
红球25码 01,03,04,06,07,09,10,12,13,14,15,16,17,18,21,22,23,24,26,27,29,30,31,32,33
蓝球杀五码 01,03,06,10,16
红球20码 03,04,06,07,09,12,13,15,16,17,18,21,23,24,26,27,30,31,32,33
红球双胆 06,17
红球三胆 06,15,17
蓝球定五码 05,08,09,13,14
红球12码 03,06,09,12,13,15,17,23,24,31,32,33
红球杀三码 08,11,25
红球龙头两码 03,06
红球凤尾两码 32,33
==================孤雁看胆=================
红球独胆 08
蓝球定三码 04,05,16
红球杀六码 01,16,18,22,24,27
红球25码 02,03,04,05,06,07,08,09,10,11,12,13,14,15,17,19,20,21,23,25,26,29,30,31,32
蓝球杀五码 02,08,09,10,15
红球20码 02,03,04,05,07,08,09,10,11,12,13,15,17,19,20,23,25,29,31,32
红球双胆 05,08
红球三胆 04,05,08
蓝球定五码 04,05,07,12,16
红球12码 02,04,05,07,08,09,10,13,19,20,25,32
红球杀三码 01,18,22
红球龙头两码 02,04
红球凤尾两码 25,32
