==================飞花潇雪=================
红球独胆 32
蓝球定三码 03,08,11
红球杀六码 08,17
红球25码 04,06,07,10,12,13,14,15,18,19,20,21,22,23,24,26,27,28,29,30,32
蓝球杀五码 04,05,07,14,16
红球20码 04,06,07,10,12,13,14,15,18,19,20,22,23,26,27,28,29,30,32
红球双胆 22,32
红球三胆 04,22,32
蓝球定五码 03,06,08,11
红球12码 04,06,07,10,15,19,20,22,23,27,28,32
红球杀三码 17
红球龙头两码 04,06
红球凤尾两码 28,32
==================狐王=================
红球独胆 29
蓝球定三码 07,08,15
红球杀六码 05,13,14,24,31,33
红球25码 01,02,03,04,07,08,09,10,11,12,15,16,18,19,20,21,22,23,25,26,27,28,29,30,32
蓝球杀五码 01,03,04,05,13
红球20码 01,02,04,07,08,09,10,11,12,15,18,20,21,22,23,26,27,29,30,32
红球双胆 20,29
红球三胆 15,20,29
蓝球定五码 07,08,10,15,16
红球12码 02,04,10,12,15,20,21,26,27,29,30,32
红球杀三码 13,24,31
红球龙头两码 02,04
红球凤尾两码 30,32
==================连连碰=================
红球独胆 20
蓝球定三码 05,13,14
红球杀六码 02,05,14,16,21,29
红球25码 01,03,04,06,07,08,09,10,11,12,13,17,18,19,20,22,23,24,25,26,27,28,30,31,33
蓝球杀五码 02,04,06,10,11
红球20码 01,04,06,07,08,09,10,11,12,13,17,18,19,20,22,23,24,26,27,28
红球双胆 01,20
红球三胆 01,20,24
蓝球定五码 05,08,12,13,14
红球12码 01,04,06,08,09,10,18,19,20,22,24,27
红球杀三码 02,14,16
红球龙头两码 01,04
红球凤尾两码 24,27
==================西龙=================
红球独胆 18
蓝球定三码 02,08,15
红球杀六码 13,17,21,22,24,28
红球25码 01,02,03,04,05,06,07,08,09,10,12,14,15,16,18,19,23,25,26,27,29,30,31,32,33
蓝球杀五码 03,09,11,12,14
红球20码 01,02,05,07,08,09,10,12,14,15,16,18,19,23,27,29,30,31,32,33
红球双胆 18,31
红球三胆 15,18,31
蓝球定五码 02,04,06,08,15
红球12码 01,08,09,10,14,15,18,23,27,29,31,32
红球杀三码 21,22,28
红球龙头两码 01,08
红球凤尾两码 31,32
==================潮人=================
红球独胆 25
蓝球定三码 05,14,16
红球杀六码 08,19,30,31,32,33
红球25码 01,02,03,04,05,06,07,09,11,12,13,14,15,16,17,20,21,22,23,24,25,26,27,28,29
蓝球杀五码 03,09,10,11,12
红球20码 01,02,03,04,05,07,11,12,13,14,15,17,20,22,23,24,25,27,28,29
红球双胆 24,25
红球三胆 02,24,25
蓝球定五码 04,05,08,14,16
红球12码 01,02,03,04,11,12,13,15,20,24,25,27
红球杀三码 30,32,33
红球龙头两码 01,02
红球凤尾两码 25,27
==================称心码=================
红球独胆 28
蓝球定三码 01,06,12
红球杀六码 12,25,26,29,32,33
红球25码 01,02,03,04,05,06,07,08,09,10,11,13,14,15,16,17,18,19,20,22,23,24,28,30,31
蓝球杀五码 02,04,10,13,16
红球20码 01,02,03,04,05,06,08,09,10,11,14,16,18,19,20,22,23,28,30,31
红球双胆 28,30
红球三胆 20,28,30
蓝球定五码 01,03,06,12,15
红球12码 01,02,03,04,05,11,16,18,20,28,30,31
红球杀三码 25,29,32
红球龙头两码 01,02
红球凤尾两码 30,31
==================格兰雄狮=================
红球独胆 25
蓝球定三码 02,11,16
红球杀六码 02,14,28,29,31,33
红球25码 01,03,04,05,06,07,08,09,10,11,13,15,16,17,18,19,20,21,22,23,24,25,26,27,30
蓝球杀五码 04,05,09,12,14
红球20码 03,05,06,08,09,11,15,16,17,18,19,20,21,22,23,24,25,26,27,30
红球双胆 16,25
红球三胆 08,16,25
蓝球定五码 01,02,11,15,16
红球12码 06,08,09,15,16,17,19,21,22,23,25,30
红球杀三码 14,28,33
红球龙头两码 06,08
红球凤尾两码 25,30
==================百事大吉=================
红球独胆 16
蓝球定三码 04,05,16
红球杀六码 07,12,18,21,24,31
红球25码 01,02,03,04,05,08,10,11,13,14,15,16,17,19,20,22,23,25,26,27,28,29,30,32,33
蓝球杀五码 03,08,09,12,13
红球20码 01,03,04,05,10,11,13,15,16,17,19,20,23,25,26,27,29,30,32,33
红球双胆 16,17
红球三胆 16,17,29
蓝球定五码 04,05,14,15,16
红球12码 01,03,04,05,10,15,16,17,19,27,29,30
红球杀三码 12,18,31
红球龙头两码 01,03
红球凤尾两码 29,30
==================完美运程=================
红球独胆 33
蓝球定三码 06,08,14
红球杀六码 03,06,12,18,23,25
红球25码 01,02,04,05,07,09,10,13,14,15,16,17,19,20,21,22,24,26,27,28,29,30,31,32,33
蓝球杀五码 04,07,11,12,13
红球20码 01,02,07,09,10,13,14,15,16,17,19,20,21,22,24,28,29,30,31,33
红球双胆 28,33
红球三胆 13,28,33
蓝球定五码 03,06,08,14,16
红球12码 09,10,13,17,20,21,22,28,29,30,31,33
红球杀三码 03,18,23
红球龙头两码 09,10
红球凤尾两码 31,33
==================第二神=================
红球独胆 05
蓝球定三码 08,11,14
红球杀六码 02,06,18,21,26,30
红球25码 01,03,05,07,09,10,11,12,13,14,15,16,17,19,20,22,23,24,25,27,28,29,31,32,33
蓝球杀五码 06,10,12,13,16
红球20码 01,05,07,09,10,11,12,13,14,15,16,17,20,22,24,25,27,28,29,33
红球双胆 05,14
红球三胆 05,14,27
蓝球定五码 02,04,08,11,14
红球12码 05,07,09,13,14,15,16,17,20,22,27,28
红球杀三码 02,21,30
红球龙头两码 05,07
红球凤尾两码 27,28
==================幽冉=================
红球独胆 03
蓝球定三码 06,14,16
红球杀六码 14,16,18,22,24,32
红球25码 01,02,03,04,05,06,07,08,09,10,11,12,13,15,17,19,20,21,23,25,27,28,29,30,31
蓝球杀五码 01,03,04,07,13
红球20码 02,03,04,05,06,07,08,09,11,12,13,15,17,20,23,25,27,28,29,31
红球双胆 03,29
红球三胆 03,06,29
蓝球定五码 05,06,12,14,16
红球12码 03,05,06,08,09,11,13,17,23,25,28,29
红球杀三码 14,22,32
红球龙头两码 03,05
红球凤尾两码 28,29
==================惊天危机=================
红球独胆 20
蓝球定三码 03,12,13
红球杀六码 07,08,11,15,17,22
红球25码 01,02,03,04,05,06,09,10,12,13,16,18,19,20,21,23,24,25,26,27,28,29,30,31,33
蓝球杀五码 01,06,08,09,15
红球20码 01,03,04,06,09,10,12,13,16,18,19,20,23,24,26,28,29,30,31,33
红球双胆 04,20
红球三胆 04,13,20
蓝球定五码 03,07,12,13,14
红球12码 01,03,04,06,12,13,16,20,26,28,29,31
红球杀三码 07,15,17
红球龙头两码 01,03
红球凤尾两码 29,31
==================巫妖=================
红球独胆 29
蓝球定三码 01,04,16
红球杀六码 06,14,19,24,26,33
红球25码 01,02,03,04,05,07,08,09,10,11,12,13,15,16,18,20,21,22,23,25,27,29,30,31,32
蓝球杀五码 03,05,06,14,15
红球20码 01,02,03,04,07,08,09,12,13,15,16,20,21,22,23,25,27,29,30,31
红球双胆 22,29
红球三胆 22,29,30
蓝球定五码 01,04,12,13,16
红球12码 01,02,04,09,12,15,21,22,23,25,29,30
红球杀三码 19,26,33
红球龙头两码 01,02
红球凤尾两码 29,30
==================天宇=================
红球独胆 10
蓝球定三码 03,04,08
红球杀六码 03,06,13,14,15,24
红球25码 01,02,05,07,08,09,10,11,12,16,17,18,19,20,21,23,25,26,27,28,29,30,31,32,33
蓝球杀五码 06,09,10,12,15
红球20码 05,07,08,09,10,11,12,17,18,19,21,23,25,26,27,28,29,31,32,33
红球双胆 10,19
红球三胆 10,19,31
蓝球定五码 03,04,08,13,14
红球12码 07,10,18,19,21,25,27,28,29,31,32,33
红球杀三码 03,13,24
红球龙头两码 07,10
红球凤尾两码 32,33
==================四通八达=================
红球独胆 07
蓝球定三码 07,09,12
红球杀六码 06,11,15,27,30,32
红球25码 01,02,03,04,05,07,08,09,10,12,13,14,16,17,18,19,20,21,22,23,25,28,29,31,33
蓝球杀五码 02,03,08,11,13
红球20码 01,03,05,07,08,10,12,13,14,17,18,19,20,21,23,25,28,29,31,33
红球双胆 07,21
红球三胆 07,12,21
蓝球定五码 06,07,09,12,14
红球12码 01,03,07,10,12,13,19,20,21,23,25,33
红球杀三码 15,30,32
红球龙头两码 01,03
红球凤尾两码 25,33
==================百炼成钢=================
红球独胆 24
蓝球定三码 05,10,15
红球杀六码 04,07,10,16,32,33
红球25码 01,02,03,05,06,08,11,12,13,14,15,17,18,20,21,22,23,24,25,26,27,28,29,30,31
蓝球杀五码 01,02,07,11,13
红球20码 01,02,03,05,06,08,11,12,13,15,20,21,22,23,24,25,26,28,29,30
红球双胆 24,29
红球三胆 24,28,29
蓝球定五码 05,09,10,15,16
红球12码 02,03,05,06,08,12,20,23,24,25,28,29
红球杀三码 04,10,33
红球龙头两码 02,03
红球凤尾两码 28,29
==================西川达子=================
红球独胆 24
蓝球定三码 02,05,07
红球杀六码 02,04,05,18,28,29
红球25码 01,03,06,07,08,09,10,11,12,13,14,15,16,19,20,21,22,23,24,25,26,27,31,32,33
蓝球杀五码 01,08,11,13,15
红球20码 01,03,06,07,08,09,10,11,14,15,16,19,20,21,24,25,26,31,32,33
红球双胆 01,24
红球三胆 01,07,24
蓝球定五码 02,05,07,09,10
红球12码 01,03,06,07,08,10,14,16,19,20,24,32
红球杀三码 04,18,28
红球龙头两码 01,03
红球凤尾两码 24,32
==================演绎人生=================
红球独胆 19
蓝球定三码 02,11,13
红球杀六码 03,05,09,12,20,28
红球25码 01,02,04,06,07,08,10,11,14,15,16,17,18,19,22,23,24,25,26,27,29,30,31,32,33
蓝球杀五码 05,07,09,14,15
红球20码 01,02,04,07,08,10,14,15,16,17,18,19,22,23,24,25,29,30,32,33
红球双胆 19,29
红球三胆 19,23,29
蓝球定五码 02,04,11,13,16
红球12码 02,04,10,14,15,16,17,19,22,23,24,29
红球杀三码 03,09,28
红球龙头两码 02,04
红球凤尾两码 24,29
==================东方卫视=================
红球独胆 26
蓝球定三码 02,04,12
红球杀六码 04,07,12,15,21,33
红球25码 02,03,05,06,08,09,10,11,14,16,17,18,19,20,22,23,24,25,26,27,28,29,30,31,32
蓝球杀五码 01,03,08,09,10
红球20码 02,03,05,06,08,10,11,14,16,19,20,22,23,24,25,26,27,29,30,31
红球双胆 26,31
红球三胆 26,29,31
蓝球定五码 02,04,11,12,15
红球12码 05,06,14,16,20,22,23,24,25,26,29,31
红球杀三码 04,07,12
红球龙头两码 05,06
红球凤尾两码 29,31
==================真心相待=================
红球独胆 13
蓝球定三码 02,03,09
红球杀六码 03,04,08,16,18,21
红球25码 01,02,05,06,07,09,10,11,12,13,14,15,17,19,20,22,23,24,25,26,27,29,31,32,33
蓝球杀五码 04,06,08,12,15
红球20码 01,02,05,07,09,12,13,14,17,19,20,22,23,25,26,27,29,31,32,33
红球双胆 13,14
红球三胆 05,13,14
蓝球定五码 02,03,09,11,14
红球12码 05,07,13,14,20,22,23,25,26,29,31,33
红球杀三码 03,08,21
红球龙头两码 05,07
红球凤尾两码 31,33
==================暗渡陈仓=================
红球独胆 03
蓝球定三码 02,10,13
红球杀六码 01,04,10,11,17,29
红球25码 02,03,05,06,08,09,12,13,14,15,16,18,19,20,21,22,23,24,25,26,27,28,30,32,33
蓝球杀五码 01,03,05,09,14
红球20码 02,03,05,06,08,12,13,14,15,16,18,19,20,22,23,25,26,27,30,32
红球双胆 03,13
红球三胆 03,13,23
蓝球定五码 02,07,10,12,13
红球12码 02,03,05,06,13,14,19,22,23,25,26,27
红球杀三码 10,11,17
红球龙头两码 02,03
红球凤尾两码 26,27
==================彩天地=================
红球独胆 23
蓝球定三码 03,08,14
红球杀六码 03,16,17,26,28,30
红球25码 01,02,04,05,06,07,08,09,10,12,13,14,15,18,20,21,22,23,24,25,27,29,31,32,33
蓝球杀五码 01,02,04,05,10
红球20码 01,02,04,05,06,07,09,10,12,13,15,18,20,22,23,24,25,29,31,33
红球双胆 23,24
红球三胆 06,23,24
蓝球定五码 03,08,12,14,15
红球12码 02,04,06,07,09,10,18,22,23,24,29,33
红球杀三码 03,26,30
红球龙头两码 02,04
红球凤尾两码 29,33
==================清风雪舞=================
红球独胆 28
蓝球定三码 07,12,16
红球杀六码 07,10,12,19,27,31
红球25码 01,02,03,04,06,08,09,11,13,15,16,17,18,20,21,22,23,24,25,26,28,29,30,32,33
蓝球杀五码 02,04,06,08,13
红球20码 01,02,03,04,06,09,11,15,16,18,20,21,22,24,25,26,28,30,32,33
红球双胆 15,28
红球三胆 15,20,28
蓝球定五码 05,07,12,15,16
红球12码 01,02,06,15,16,18,20,22,24,28,32,33
红球杀三码 07,10,19
红球龙头两码 01,02
红球凤尾两码 32,33
==================薄彩在身=================
红球独胆 08
蓝球定三码 06,08,10
红球杀六码 02,04,07,19,22,29
红球25码 01,03,05,06,08,09,10,11,12,13,14,15,17,18,21,23,24,25,26,27,28,30,31,32,33
蓝球杀五码 04,05,09,15,16
红球20码 01,03,05,06,08,10,11,12,14,15,17,18,21,23,24,26,27,28,32,33
红球双胆 01,08
红球三胆 01,08,11
蓝球定五码 06,08,10,12,14
红球12码 01,03,08,10,11,14,15,23,24,26,28,32
红球杀三码 02,22,29
红球龙头两码 01,03
红球凤尾两码 28,32
==================军师吴用=================
红球独胆 17
蓝球定三码 01,05,07
红球杀六码 04,05,10,13,24,33
红球25码 01,02,03,06,07,08,09,11,12,14,15,16,17,18,19,20,21,22,23,25,26,28,29,30,31
蓝球杀五码 03,06,10,15,16
红球20码 01,02,03,06,09,11,14,15,16,17,18,19,20,22,23,25,26,28,29,31
红球双胆 17,20
红球三胆 06,17,20
蓝球定五码 01,02,05,07,11
红球12码 01,02,06,11,14,17,20,22,25,26,28,29
红球杀三码 04,13,33
红球龙头两码 01,02
红球凤尾两码 28,29
==================法神=================
红球独胆 27
蓝球定三码 03,07,11
红球杀六码 01,06,18,20,21,25
红球25码 02,03,04,07,08,09,10,11,12,13,14,15,16,17,19,22,23,24,26,27,28,29,30,31,32
蓝球杀五码 01,04,08,09,12
红球20码 03,04,07,09,10,11,13,14,15,17,22,23,24,26,27,28,29,30,31,32
红球双胆 17,27
红球三胆 13,17,27
蓝球定五码 03,07,10,11,16
红球12码 03,04,07,10,13,15,17,23,24,27,28,30
红球杀三码 18,20,21
红球龙头两码 03,04
红球凤尾两码 28,30
==================痛并快乐=================
红球独胆 13
蓝球定三码 11,14,15
红球杀六码 07,08,11,12,17,24
红球25码 01,02,04,05,06,10,13,14,15,16,18,19,20,21,22,23,25,26,27,28,29,30,31,32,33
蓝球杀五码 02,03,05,07,13
红球20码 01,04,05,06,10,13,14,15,16,18,19,20,23,25,26,27,28,29,30,33
红球双胆 13,26
红球三胆 13,19,26
蓝球定五码 10,11,14,15,16
红球12码 04,06,13,14,16,19,23,26,28,29,30,33
红球杀三码 11,12,24
红球龙头两码 04,06
红球凤尾两码 30,33
==================万神=================
红球独胆 22
蓝球定三码 10,12,14
红球杀六码 04,09,15,19,20,29
红球25码 02,03,05,06,07,08,10,11,12,13,14,16,18,21,22,23,24,25,26,27,28,30,31,32,33
蓝球杀五码 01,02,03,06,08
红球20码 02,03,05,06,07,08,11,12,14,16,18,21,22,24,26,27,28,30,31,32
红球双胆 22,26
红球三胆 22,26,28
蓝球定五码 09,10,12,13,14
红球12码 05,06,08,14,16,21,22,24,26,27,28,30
红球杀三码 09,20,29
红球龙头两码 05,06
红球凤尾两码 28,30
==================莫天命=================
红球独胆 16
蓝球定三码 08,11,12
红球杀六码 03,04,24,28,29,30
红球25码 01,02,05,06,07,08,09,10,11,12,13,14,15,16,19,20,21,22,23,25,26,27,31,32,33
蓝球杀五码 02,03,05,06,10
红球20码 01,02,05,06,07,08,09,11,12,13,14,16,21,22,23,25,26,31,32,33
红球双胆 16,23
红球三胆 12,16,23
蓝球定五码 01,08,09,11,12
红球12码 01,05,07,09,11,12,14,16,23,25,26,33
红球杀三码 03,24,28
红球龙头两码 01,05
红球凤尾两码 26,33
==================脱口秀=================
红球独胆 30
蓝球定三码 08,11,14
红球杀六码 03,10,15,18,27,29
红球25码 01,02,04,05,06,07,08,09,11,12,13,14,16,17,19,20,21,22,23,24,28,30,31,32,33
蓝球杀五码 01,02,09,10,12
红球20码 01,04,05,06,07,08,09,11,14,17,19,20,22,23,24,28,30,31,32,33
红球双胆 19,30
红球三胆 19,30,33
蓝球定五码 05,07,08,11,14
红球12码 01,04,05,08,09,11,17,19,23,28,30,33
红球杀三码 03,10,18
红球龙头两码 01,04
红球凤尾两码 30,33
==================蜗蜗牛=================
红球独胆 18
蓝球定三码 03,08,12
红球杀六码 02,15,23,29,30,32
红球25码 01,03,04,05,06,07,08,09,10,11,13,14,16,17,18,19,20,21,22,24,26,27,28,31,33
蓝球杀五码 05,06,11,13,16
红球20码 01,03,04,07,08,09,10,11,13,14,16,17,18,20,21,22,26,27,31,33
红球双胆 18,21
红球三胆 18,21,27
蓝球定五码 01,03,04,08,12
红球12码 04,07,09,10,16,17,18,20,21,22,26,27
红球杀三码 23,29,32
红球龙头两码 04,07
红球凤尾两码 26,27
==================西坝=================
红球独胆 07
蓝球定三码 01,06,09
红球杀六码 05,13,20,24,25,31
红球25码 01,02,03,06,07,08,09,11,12,14,15,16,17,18,19,21,22,23,26,27,28,29,30,32,33
蓝球杀五码 02,08,12,13,16
红球20码 01,02,03,06,07,09,11,14,15,18,19,21,22,23,26,27,28,29,32,33
红球双胆 07,32
红球三胆 07,14,32
蓝球定五码 01,04,05,06,09
红球12码 01,06,07,09,11,14,21,23,27,28,29,32
红球杀三码 20,24,25
红球龙头两码 01,06
红球凤尾两码 29,32
==================丹姿=================
红球独胆 01
蓝球定三码 05,10,14
红球杀六码 02,12,14,17,25,32
红球25码 01,03,04,05,06,07,08,09,10,11,13,15,16,18,19,20,21,23,26,27,28,29,30,31,33
蓝球杀五码 02,04,06,08,12
红球20码 01,04,05,06,07,08,09,10,11,13,16,18,19,20,26,28,29,30,31,33
红球双胆 01,06
红球三胆 01,06,28
蓝球定五码 03,05,10,13,14
红球12码 01,04,05,06,13,18,20,26,28,29,30,33
红球杀三码 12,17,25
红球龙头两码 01,04
红球凤尾两码 30,33
==================小糖人=================
红球独胆 14
蓝球定三码 02,04,14
红球杀六码 01,02,17,19,24,33
红球25码 03,04,05,06,07,08,09,10,11,12,13,14,15,16,18,20,22,23,25,26,27,28,29,31,32
蓝球杀五码 03,05,07,10,11
红球20码 04,05,08,09,10,11,12,13,14,15,16,18,20,23,25,26,28,29,31,32
红球双胆 12,14
红球三胆 12,14,31
蓝球定五码 01,02,04,09,14
红球12码 05,10,12,13,14,15,18,23,25,26,31,32
红球杀三码 01,02,19
红球龙头两码 05,10
红球凤尾两码 31,32
==================火力全开=================
红球独胆 26
蓝球定三码 03,09,12
红球杀六码 10,18,19,22,27,31
红球25码 01,02,03,04,05,06,07,08,09,11,12,13,14,15,16,17,21,23,24,25,26,28,29,30,33
蓝球杀五码 01,05,08,11,13
红球20码 01,03,05,06,07,09,12,13,14,15,16,17,23,24,25,26,28,29,30,33
红球双胆 05,26
红球三胆 05,07,26
蓝球定五码 02,03,09,12,15
红球12码 01,05,06,07,09,14,15,17,24,26,28,33
红球杀三码 10,18,19
红球龙头两码 01,05
红球凤尾两码 28,33
==================小豆豆=================
红球独胆 18
蓝球定三码 04,05,06
红球杀六码 02,06,13,16,24,27
红球25码 01,03,05,07,08,10,11,12,14,15,17,18,19,20,21,22,23,25,26,28,29,30,31,32,33
蓝球杀五码 02,03,09,12,14
红球20码 01,03,05,08,11,12,17,18,19,20,21,22,23,25,28,29,30,31,32,33
红球双胆 11,18
红球三胆 11,18,22
蓝球定五码 04,05,06,07,11
红球12码 01,03,11,12,18,22,23,25,28,29,30,33
红球杀三码 06,13,27
红球龙头两码 01,03
红球凤尾两码 30,33
==================助力=================
红球独胆 08
蓝球定三码 05,10,11
红球杀六码 10,19,03,26,02,29
红球25码 08,11,01,05,16,30,15,07,13,18,09,23,04,06,12,14,17,21,22,20,27,32,33,31,24
蓝球杀五码 07,01,03,09,15
红球20码 08,11,01,05,16,30,15,07,13,18,09,23,04,06,12,14,17,21,22,20
红球双胆 08,11
红球三胆 08,11,01
蓝球定五码 05,10,11,08,14
红球12码 08,11,01,05,16,30,15,07,13,18,09,23
红球杀三码 10,19,03
红球龙头两码 01,05
红球凤尾两码 23,30
==================达达=================
红球独胆 09
蓝球定三码 16,02
红球杀六码 03,08
红球25码 01,02,04,06,07,09,10,12,14,15,16,18,20,21,22,24,26,27,29,30,32,33
蓝球杀五码 09,08,07,06,05
红球20码 01,02,04,06,07,09,10,14,15,16,18,21,26,27,29,32,33
红球双胆 09
红球三胆 09,26
蓝球定五码 10,16,02,03
红球12码 04,07,09,14,16,21,26,27,32,33
红球杀三码 03,08
红球龙头两码 07,14
红球凤尾两码 25,32
==================忘忧草=================
红球独胆 19
蓝球定三码 04,07,15
红球杀六码 09,10,11,15,29,33
红球25码 02,03,04,05,06,07,08,12,13,14,16,17,18,19,20,21,22,24,25,26,27,28,30,31,32
蓝球杀五码 05,08,11,12,14
红球20码 02,03,06,07,12,14,16,17,18,19,20,21,22,24,25,27,28,30,31,32
红球双胆 07,19
红球三胆 06,07,19
蓝球定五码 03,04,07,09,15
红球12码 02,03,06,07,16,19,21,22,24,27,30,31
红球杀三码 10,15,29
红球龙头两码 02,03
红球凤尾两码 30,31
==================寻雾=================
红球独胆 01
蓝球定三码 06,13,16
红球杀六码 15,16,20,27,30,31
红球25码 01,02,03,04,05,06,07,08,09,10,11,12,13,14,17,18,19,21,22,23,25,28,29,32,33
蓝球杀五码 02,03,04,14,15
红球20码 01,02,03,04,05,06,08,09,10,11,13,17,19,22,23,25,28,29,32,33
红球双胆 01,04
红球三胆 01,04,22
蓝球定五码 06,08,11,13,16
红球12码 01,02,03,04,06,09,10,11,13,17,22,33
红球杀三码 15,20,27
红球龙头两码 01,02
红球凤尾两码 22,33
==================谁与争锋=================
红球独胆 04
蓝球定三码 02,09,12
红球杀六码 09,12,21,28,29,33
红球25码 01,02,03,04,05,07,08,10,11,13,14,15,17,18,19,20,22,23,24,25,26,27,30,31,32
蓝球杀五码 01,04,05,08,15
红球20码 01,02,03,04,05,08,10,11,13,14,17,18,20,22,24,25,27,30,31,32
红球双胆 04,32
红球三胆 04,10,32
蓝球定五码 02,03,07,09,12
红球12码 03,04,05,10,13,14,17,18,22,24,31,32
红球杀三码 09,21,29
红球龙头两码 03,04
红球凤尾两码 31,32
==================双色球达人=================
红球独胆 14
蓝球定三码 10,14,16
红球杀六码 03,04,06,09,28,29
红球25码 01,02,05,08,10,11,12,13,14,15,16,17,18,19,20,21,22,23,24,25,26,27,30,32,33
蓝球杀五码 04,05,09,11,13
红球20码 01,02,05,08,10,11,12,13,14,15,17,18,20,21,22,24,25,26,30,33
红球双胆 10,14
红球三胆 10,14,25
蓝球定五码 02,08,10,14,16
红球12码 08,10,14,15,17,18,20,22,24,25,30,33
红球杀三码 03,06,09
红球龙头两码 08,10
红球凤尾两码 30,33
==================小仙女=================
红球独胆 04
蓝球定三码 01,08,16
红球杀六码 16,19,22,23,25,31
红球25码 01,02,03,04,05,06,07,08,09,10,12,13,14,15,17,18,20,21,24,27,28,29,30,32,33
蓝球杀五码 04,05,06,10,14
红球20码 01,02,03,04,05,06,08,10,12,14,15,17,18,20,21,28,29,30,32,33
红球双胆 04,14
红球三胆 03,04,14
蓝球定五码 01,03,08,13,16
红球12码 01,03,04,05,06,10,14,18,21,28,32,33
红球杀三码 16,19,22
红球龙头两码 01,03
红球凤尾两码 32,33
==================天之骄子=================
红球独胆 09
蓝球定三码 06,09,11
红球杀六码 04,14,15,16,22,24
红球25码 01,02,03,05,06,07,08,09,10,11,12,13,18,19,20,21,23,25,26,27,28,29,30,31,33
蓝球杀五码 02,05,07,08,14
红球20码 01,02,03,05,06,07,08,09,10,11,12,13,18,20,21,25,26,27,30,31
红球双胆 09,31
红球三胆 09,13,31
蓝球定五码 06,09,10,11,12
红球12码 01,08,09,11,12,13,18,20,25,27,30,31
红球杀三码 15,22,24
红球龙头两码 01,08
红球凤尾两码 30,31
==================李寒=================
红球独胆 11
蓝球定三码 01,11,12
红球杀六码 02,05,10,16,20,30
红球25码 01,03,04,06,07,08,09,11,12,13,14,15,17,18,19,21,22,24,25,27,28,29,31,32,33
蓝球杀五码 04,06,07,13,16
红球20码 01,03,04,06,07,09,11,12,14,15,17,18,19,21,22,24,25,28,32,33
红球双胆 11,21
红球三胆 11,14,21
蓝球定五码 01,09,10,11,12
红球12码 03,06,07,09,11,14,18,19,21,24,28,33
红球杀三码 02,05,10
红球龙头两码 03,06
红球凤尾两码 28,33
==================维迪尔=================
红球独胆 30
蓝球定三码 03,05,07
红球杀六码 02,06,11,15,19,31
红球25码 01,03,04,05,07,08,09,10,12,13,14,16,17,18,20,21,22,23,24,26,28,29,30,32,33
蓝球杀五码 06,08,12,13,14
红球20码 01,03,04,07,08,09,10,12,13,14,17,18,20,21,22,26,28,29,30,33
红球双胆 09,30
红球三胆 09,26,30
蓝球定五码 03,05,07,10,16
红球12码 03,04,07,09,10,14,17,18,20,26,29,30
红球杀三码 02,06,31
红球龙头两码 03,04
红球凤尾两码 29,30
==================孤雁看胆=================
红球独胆 12
蓝球定三码 10,11,12
红球杀六码 01,02,06,11,27,32
红球25码 03,04,05,07,08,09,10,12,13,14,15,17,18,19,20,21,22,24,25,26,28,29,30,31,33
蓝球杀五码 01,03,04,07,15
红球20码 03,04,07,09,12,13,14,15,17,19,20,21,22,24,25,28,29,30,31,33
红球双胆 12,21
红球三胆 12,17,21
蓝球定五码 06,10,11,12,13
红球12码 03,04,07,12,14,17,20,21,22,29,30,31
红球杀三码 01,11,27
红球龙头两码 03,04
红球凤尾两码 30,31
