==================格兰雄狮=================
红球独胆 18
蓝球定三码 02,04,13
红球杀六码 06,19,20,21,25,29
红球25码 01,02,03,04,05,07,08,09,10,11,12,13,15,16,17,18,22,23,24,26,27,28,31,32,33
蓝球杀五码 01,05,12,15,16
红球20码 01,02,04,05,08,09,10,12,13,15,16,17,18,22,23,24,26,28,31,32
红球双胆 05,18
红球三胆 05,13,18
蓝球定五码 02,04,07,09,13
红球12码 05,08,09,12,13,15,16,18,22,23,26,31
红球杀三码 20,21,29
红球龙头两码 05,08
红球凤尾两码 26,31
==================百事大吉=================
红球独胆 23
蓝球定三码 02,13,14
红球杀六码 04,05,08,09,28,29
红球25码 01,02,03,06,07,10,11,12,13,14,15,17,18,19,20,21,23,24,25,26,27,30,31,32,33
蓝球杀五码 03,10,11,12,15
红球20码 01,02,03,06,07,10,11,12,13,14,15,19,20,21,23,24,27,30,31,32
红球双胆 14,23
红球三胆 12,14,23
蓝球定五码 02,08,13,14,16
红球12码 01,06,10,11,12,13,14,20,23,24,30,32
红球杀三码 08,28,29
红球龙头两码 01,06
红球凤尾两码 30,32
==================连连碰=================
红球独胆 02
蓝球定三码 02,08,15
红球杀六码 09,10,16,19,26,29
红球25码 01,02,03,04,05,06,07,08,11,12,13,14,15,17,18,20,21,22,23,24,27,30,31,32,33
蓝球杀五码 04,05,07,12,13
红球20码 01,02,03,04,06,07,08,11,13,14,20,21,22,23,24,27,30,31,32,33
红球双胆 02,06
红球三胆 02,06,30
蓝球定五码 02,03,08,09,15
红球12码 02,04,06,07,08,11,14,20,23,30,31,32
红球杀三码 10,26,29
红球龙头两码 02,04
红球凤尾两码 31,32
==================清风雪舞=================
红球独胆 32
蓝球定三码 03,04,08
红球杀六码 02,09,11,15,16,24
红球25码 01,04,05,06,08,10,12,13,14,17,18,19,20,21,22,23,25,26,27,28,29,30,31,32,33
蓝球杀五码 01,05,06,12,16
红球20码 01,04,05,06,12,13,14,17,18,19,20,21,23,26,27,28,29,30,32,33
红球双胆 17,32
红球三胆 05,17,32
蓝球定五码 03,04,07,08,09
红球12码 01,05,06,13,14,17,19,26,27,29,32,33
红球杀三码 02,15,16
红球龙头两码 01,05
红球凤尾两码 32,33
==================西川达子=================
红球独胆 01
蓝球定三码 02,11,16
红球杀六码 03,04,11,12,22,30
红球25码 01,02,05,06,07,08,09,10,13,14,15,16,17,18,19,20,21,23,24,26,27,28,29,31,32
蓝球杀五码 04,07,12,13,15
红球20码 01,02,05,07,08,09,13,14,16,17,18,20,21,23,26,27,28,29,31,32
红球双胆 01,23
红球三胆 01,23,26
蓝球定五码 01,02,08,11,16
红球12码 01,07,08,14,16,21,23,26,27,28,31,32
红球杀三码 03,22,30
红球龙头两码 01,07
红球凤尾两码 31,32
==================军师吴用=================
红球独胆 33
蓝球定三码 09,13,16
红球杀六码 01,12,19,22,23,25
红球25码 02,03,04,05,06,07,08,09,10,11,13,15,17,18,20,21,24,26,27,28,29,30,31,32,33
蓝球杀五码 01,02,05,11,14
红球20码 02,03,04,05,06,07,10,11,13,17,18,20,24,26,27,29,30,31,32,33
红球双胆 18,33
红球三胆 05,18,33
蓝球定五码 08,09,12,13,16
红球12码 04,05,07,10,11,17,18,24,30,31,32,33
红球杀三码 12,19,22
红球龙头两码 04,05
红球凤尾两码 32,33
==================法神=================
红球独胆 23
蓝球定三码 04,10,14
红球杀六码 02,07,10,25,26,32
红球25码 01,04,05,06,08,09,11,12,13,14,15,16,17,18,19,20,21,22,23,24,27,28,30,31,33
蓝球杀五码 02,05,08,11,12
红球20码 01,04,05,08,09,11,12,15,16,17,18,19,20,21,22,23,27,28,30,31
红球双胆 01,23
红球三胆 01,12,23
蓝球定五码 03,04,10,14,16
红球12码 01,05,08,09,11,12,16,17,22,23,27,28
红球杀三码 07,10,26
红球龙头两码 01,05
红球凤尾两码 27,28
==================狐王=================
红球独胆 13
蓝球定三码 01,02,03
红球杀六码 10,23,25,31,32,33
红球25码 02,03,04,05,06,07,08,09,11,12,13,14,15,16,17,18,19,20,21,24,26,27,28,29,30
蓝球杀五码 04,09,12,13,14
红球20码 02,03,04,05,06,07,08,09,11,13,14,15,16,17,18,20,21,24,26,28
红球双胆 13,26
红球三胆 09,13,26
蓝球定五码 01,02,03,11,16
红球12码 05,06,07,08,09,11,13,14,16,17,24,26
红球杀三码 25,31,32
红球龙头两码 05,06
红球凤尾两码 24,26
==================真心相待=================
红球独胆 13
蓝球定三码 06,11,12
红球杀六码 02,03,05,06,17,31
红球25码 01,04,08,09,10,11,12,13,14,16,18,19,20,21,22,23,24,25,26,27,28,29,30,32,33
蓝球杀五码 02,08,10,14,15
红球20码 04,08,10,12,13,14,16,18,19,20,21,22,23,25,27,28,29,30,32,33
红球双胆 10,13
红球三胆 10,13,32
蓝球定五码 05,06,11,12,16
红球12码 08,10,13,14,16,21,23,25,27,29,30,32
红球杀三码 02,05,17
红球龙头两码 08,10
红球凤尾两码 30,32
==================小糖人=================
红球独胆 29
蓝球定三码 06,10,11
红球杀六码 04,07,12,15,23,27
红球25码 01,02,03,05,06,08,09,10,11,14,16,17,18,19,20,22,24,25,26,28,29,30,31,32,33
蓝球杀五码 01,05,09,14,15
红球20码 01,02,03,05,09,10,11,14,16,17,19,20,22,24,26,28,29,31,32,33
红球双胆 14,29
红球三胆 14,29,33
蓝球定五码 06,08,10,11,12
红球12码 01,02,03,05,14,16,17,19,29,31,32,33
红球杀三码 04,15,27
红球龙头两码 01,02
红球凤尾两码 32,33
==================暗渡陈仓=================
红球独胆 09
蓝球定三码 02,13,16
红球杀六码 04,16,17,25,29,31
红球25码 01,02,03,06,07,08,09,10,11,12,13,14,15,18,19,20,21,22,23,24,26,27,30,32,33
蓝球杀五码 01,06,10,14,15
红球20码 01,02,03,06,08,09,10,11,12,13,14,15,18,19,20,21,22,24,27,33
红球双胆 03,09
红球三胆 03,09,10
蓝球定五码 02,07,08,13,16
红球12码 02,03,06,09,10,11,12,19,22,24,27,33
红球杀三码 04,17,31
红球龙头两码 02,03
红球凤尾两码 27,33
==================四通八达=================
红球独胆 30
蓝球定三码 05,08,16
红球杀六码 07,16,18,21,28,31
红球25码 01,02,03,04,06,08,09,10,11,12,13,14,15,17,19,20,22,23,24,25,26,27,29,30,33
蓝球杀五码 04,10,11,13,15
红球20码 01,02,04,06,08,10,11,12,14,15,17,20,22,23,24,26,27,29,30,33
红球双胆 02,30
红球三胆 02,24,30
蓝球定五码 01,05,08,12,16
红球12码 01,02,06,10,12,14,15,20,23,24,30,33
红球杀三码 16,18,28
红球龙头两码 01,02
红球凤尾两码 30,33
==================百炼成钢=================
红球独胆 10
蓝球定三码 05,07,10
红球杀六码 01,24,26,30,32,33
红球25码 02,03,04,05,06,07,08,09,10,11,12,13,14,15,16,17,19,20,21,22,23,25,27,28,31
蓝球杀五码 02,04,06,12,16
红球20码 02,03,05,07,08,09,10,12,13,14,15,16,19,20,21,22,23,27,28,31
红球双胆 10,12
红球三胆 09,10,12
蓝球定五码 03,05,07,08,10
红球12码 03,05,07,09,10,12,13,19,21,23,28,31
红球杀三码 26,30,33
红球龙头两码 03,05
红球凤尾两码 28,31
==================演绎人生=================
红球独胆 04
蓝球定三码 02,07,15
红球杀六码 13,14,23,25,30,31
红球25码 01,02,03,04,05,07,09,10,11,12,15,16,17,18,19,20,21,22,24,26,27,28,29,32,33
蓝球杀五码 01,03,05,11,13
红球20码 02,04,05,09,10,11,12,15,16,17,18,19,20,21,22,26,27,28,32,33
红球双胆 04,20
红球三胆 04,09,20
蓝球定五码 02,07,08,12,15
红球12码 04,09,11,12,15,17,19,20,22,27,32,33
红球杀三码 13,14,30
红球龙头两码 04,09
红球凤尾两码 32,33
==================完美运程=================
红球独胆 03
蓝球定三码 01,02,07
红球杀六码 04,06,09,13,26,27
红球25码 01,02,03,05,07,08,10,11,12,14,15,17,18,19,21,22,23,24,25,28,29,30,31,32,33
蓝球杀五码 03,04,09,15,16
红球20码 01,03,05,08,10,11,12,14,17,18,19,21,22,24,25,28,29,30,31,33
红球双胆 03,25
红球三胆 03,17,25
蓝球定五码 01,02,05,07,11
红球12码 01,03,05,08,10,11,14,17,22,25,29,33
红球杀三码 04,09,27
红球龙头两码 01,03
红球凤尾两码 29,33
==================脱口秀=================
红球独胆 24
蓝球定三码 06,07,08
红球杀六码 09,10,12,15,21,29
红球25码 01,02,04,05,06,07,08,11,13,14,16,18,19,20,22,23,24,25,26,27,28,30,31,32,33
蓝球杀五码 01,04,05,14,16
红球20码 02,04,05,06,08,11,14,16,18,19,20,22,23,24,25,26,27,28,31,32
红球双胆 23,24
红球三胆 20,23,24
蓝球定五码 03,06,07,08,12
红球12码 02,05,08,11,16,18,20,23,24,25,27,31
红球杀三码 09,21,29
红球龙头两码 02,05
红球凤尾两码 27,31
==================西龙=================
红球独胆 03
蓝球定三码 05,10,12
红球杀六码 01,09,12,13,21,27
红球25码 02,03,05,06,07,08,10,11,14,15,16,17,18,19,20,22,23,24,25,26,28,29,31,32,33
蓝球杀五码 01,07,11,14,16
红球20码 02,03,05,06,07,08,10,14,15,16,17,18,20,22,25,26,28,31,32,33
红球双胆 03,18
红球三胆 03,18,32
蓝球定五码 04,05,10,12,13
红球12码 02,03,05,06,07,08,17,18,20,25,28,32
红球杀三码 01,12,27
红球龙头两码 02,03
红球凤尾两码 28,32
==================潮人=================
红球独胆 33
蓝球定三码 05,13,16
红球杀六码 03,04,07,11,15,23
红球25码 01,02,06,08,10,12,13,14,16,17,18,19,20,21,22,24,25,26,27,28,29,30,31,32,33
蓝球杀五码 02,04,07,08,12
红球20码 01,02,06,08,10,12,13,14,16,18,20,21,22,24,25,29,30,31,32,33
红球双胆 10,33
红球三胆 10,16,33
蓝球定五码 05,11,13,15,16
红球12码 01,06,10,12,13,16,22,25,29,31,32,33
红球杀三码 03,15,23
红球龙头两码 01,06
红球凤尾两码 32,33
==================丹姿=================
红球独胆 22
蓝球定三码 10,13,14
红球杀六码 01,04,05,06,14,23
红球25码 02,03,07,08,09,10,11,12,13,16,18,19,20,21,22,24,25,26,27,28,29,30,31,32,33
蓝球杀五码 07,08,09,11,12
红球20码 02,03,08,09,10,11,13,16,19,20,21,22,24,25,27,28,30,31,32,33
红球双胆 22,24
红球三胆 09,22,24
蓝球定五码 05,06,10,13,14
红球12码 02,09,10,11,13,19,20,22,24,25,28,32
红球杀三码 01,05,14
红球龙头两码 02,09
红球凤尾两码 28,32
==================幽冉=================
红球独胆 28
蓝球定三码 02,05,09
红球杀六码 05,10,11,13,15,29
红球25码 01,02,03,04,06,07,08,09,14,16,18,19,20,21,22,23,24,25,26,27,28,30,31,32,33
蓝球杀五码 01,03,06,13,16
红球20码 01,04,06,07,09,14,18,19,20,21,22,23,24,26,27,28,30,31,32,33
红球双胆 06,28
红球三胆 06,19,28
蓝球定五码 02,05,09,11,15
红球12码 01,06,07,09,18,19,20,22,24,28,30,33
红球杀三码 10,15,29
红球龙头两码 01,06
红球凤尾两码 30,33
==================惊天危机=================
红球独胆 16
蓝球定三码 06,08,10
红球杀六码 09,19,27,28,30,32
红球25码 01,02,03,04,05,06,07,08,10,11,12,13,14,15,16,17,18,20,21,22,23,24,26,29,31
蓝球杀五码 01,04,07,13,15
红球20码 01,02,03,04,06,07,08,10,11,13,14,15,16,17,18,20,22,23,24,29
红球双胆 07,16
红球三胆 07,16,20
蓝球定五码 03,05,06,08,10
红球12码 02,04,06,07,08,13,15,16,18,20,24,29
红球杀三码 09,27,32
红球龙头两码 02,04
红球凤尾两码 24,29
==================火力全开=================
红球独胆 25
蓝球定三码 02,05,11
红球杀六码 05,06,08,09,22,26
红球25码 02,03,04,07,10,11,12,13,14,15,17,18,19,20,21,23,24,25,27,28,29,30,31,32,33
蓝球杀五码 01,08,09,10,12
红球20码 02,04,07,10,13,14,15,17,18,19,20,23,24,25,27,28,29,30,31,33
红球双胆 14,25
红球三胆 14,25,28
蓝球定五码 02,05,07,11,15
红球12码 02,04,07,13,14,17,18,19,20,25,27,28
红球杀三码 05,06,08
红球龙头两码 02,04
红球凤尾两码 27,28
==================飞花潇雪=================
红球独胆 06
蓝球定三码 01,13,16
红球杀六码 29
红球25码 01,04,05,06,07,12,13,16,17,18,21,22,23,24,25,28,30,31,32,33
蓝球杀五码 02
红球20码 01,04,06,07,13,16,17,18,21,22,24,25,28,30,31
红球双胆 06
红球三胆 06,07
蓝球定五码 01,03,11,13,16
红球12码 01,06,07,13,16,17,25,30,31
红球杀三码 29
红球龙头两码 01
红球凤尾两码 30,31
==================莫天命=================
红球独胆 27
蓝球定三码 03,07,12
红球杀六码 06,13,17,21,26,32
红球25码 01,02,03,04,05,07,08,09,10,11,12,14,15,16,18,19,20,22,24,25,27,29,30,31,33
蓝球杀五码 02,06,11,14,16
红球20码 01,02,03,04,09,10,11,12,14,15,18,19,22,24,25,27,29,30,31,33
红球双胆 22,27
红球三胆 11,22,27
蓝球定五码 03,04,07,12,15
红球12码 01,03,10,11,14,18,22,24,27,30,31,33
红球杀三码 06,13,21
红球龙头两码 01,03
红球凤尾两码 31,33
==================薄彩在身=================
红球独胆 33
蓝球定三码 01,02,08
红球杀六码 02,03,09,28,29,30
红球25码 01,04,05,06,07,10,11,12,13,14,15,16,17,18,19,20,22,23,24,25,26,27,31,32,33
蓝球杀五码 03,06,11,12,15
红球20码 04,06,10,11,12,13,14,15,16,17,18,19,22,23,24,25,26,27,31,33
红球双胆 15,33
红球三胆 15,25,33
蓝球定五码 01,02,08,10,13
红球12码 04,11,14,15,17,18,23,24,25,27,31,33
红球杀三码 03,29,30
红球龙头两码 04,11
红球凤尾两码 31,33
==================第二神=================
红球独胆 27
蓝球定三码 06,07,11
红球杀六码 03,09,10,21,24,26
红球25码 01,02,04,05,06,07,11,12,13,14,15,16,17,18,19,20,22,23,25,27,28,29,31,32,33
蓝球杀五码 01,02,04,05,09
红球20码 01,02,04,05,11,13,14,15,16,17,18,19,20,22,25,27,28,31,32,33
红球双胆 16,27
红球三胆 13,16,27
蓝球定五码 06,07,11,12,14
红球12码 01,11,13,16,17,18,25,27,28,31,32,33
红球杀三码 10,24,26
红球龙头两码 01,11
红球凤尾两码 32,33
==================称心码=================
红球独胆 31
蓝球定三码 06,08,09
红球杀六码 03,11,16,25,26,30
红球25码 02,04,05,06,07,08,09,10,12,13,14,15,17,18,19,20,21,22,23,24,27,28,31,32,33
蓝球杀五码 03,07,10,13,14
红球20码 02,04,05,06,07,08,12,13,14,17,18,20,21,22,23,24,27,31,32,33
红球双胆 31,33
红球三胆 02,31,33
蓝球定五码 04,06,08,09,11
红球12码 02,04,06,07,08,20,21,24,27,31,32,33
红球杀三码 11,25,26
红球龙头两码 02,04
红球凤尾两码 32,33
==================西坝=================
红球独胆 19
蓝球定三码 04,06,16
红球杀六码 01,10,27,30,31,33
红球25码 02,03,04,05,06,07,09,11,12,13,14,16,17,18,19,20,21,22,23,24,25,26,28,29,32
蓝球杀五码 01,02,09,12,14
红球20码 02,03,04,05,06,07,09,11,13,14,16,17,18,19,20,24,26,28,29,32
红球双胆 02,19
红球三胆 02,19,26
蓝球定五码 04,06,10,13,16
红球12码 02,03,04,05,07,09,13,16,18,19,26,32
红球杀三码 01,27,30
红球龙头两码 02,03
红球凤尾两码 26,32
==================万神=================
红球独胆 15
蓝球定三码 09,10,16
红球杀六码 09,18,22,23,25,28
红球25码 01,02,03,04,05,06,07,08,10,11,12,13,14,15,16,17,19,20,21,24,26,27,30,32,33
蓝球杀五码 05,07,13,14,15
红球20码 01,02,04,05,06,07,08,10,12,13,14,15,17,19,20,21,26,27,30,32
红球双胆 05,15
红球三胆 04,05,15
蓝球定五码 02,08,09,10,16
红球12码 01,04,05,06,07,08,12,13,15,19,27,32
红球杀三码 09,18,22
红球龙头两码 01,04
红球凤尾两码 27,32
==================天宇=================
红球独胆 25
蓝球定三码 08,15,16
红球杀六码 02,19,20,22,24,33
红球25码 01,03,04,05,06,07,08,10,11,12,13,14,15,16,17,18,21,23,25,26,27,29,30,31,32
蓝球杀五码 05,06,07,09,11
红球20码 01,04,05,06,07,08,10,11,12,13,14,16,17,18,23,25,27,29,30,32
红球双胆 05,25
红球三胆 05,10,25
蓝球定五码 02,03,08,15,16
红球12码 05,06,07,08,10,11,12,16,25,27,29,32
红球杀三码 20,22,24
红球龙头两码 05,06
红球凤尾两码 29,32
==================东方卫视=================
红球独胆 07
蓝球定三码 01,05,12
红球杀六码 05,06,15,21,23,33
红球25码 01,02,04,07,08,09,10,11,12,13,16,17,18,19,20,22,24,25,26,27,28,29,30,31,32
蓝球杀五码 02,03,06,08,16
红球20码 04,07,08,09,10,11,12,13,16,17,19,20,24,25,26,27,28,29,30,31
红球双胆 07,27
红球三胆 07,27,30
蓝球定五码 01,05,12,13,15
红球12码 04,07,08,09,11,16,20,25,26,27,30,31
红球杀三码 05,06,33
红球龙头两码 04,07
红球凤尾两码 30,31
==================维迪尔=================
红球独胆 04
蓝球定三码 02,10,11
红球杀六码 06,11,12,23,26,28
红球25码 01,02,04,05,07,08,09,13,14,15,16,17,18,19,20,21,22,24,25,27,29,30,31,32,33
蓝球杀五码 03,08,12,13,14
红球20码 01,02,04,07,08,09,13,14,16,17,18,19,21,22,24,25,27,29,30,31
红球双胆 04,25
红球三胆 04,21,25
蓝球定五码 02,07,09,10,11
红球12码 01,02,04,07,16,17,18,19,21,24,25,27
红球杀三码 06,11,26
红球龙头两码 01,02
红球凤尾两码 25,27
==================助力=================
红球独胆 31
蓝球定三码 06,05
红球杀六码 26
红球25码 31,28,05,03,10,18,04,01,25,08,33,17,12,14,30,11,16,09,20,07
蓝球杀五码 09,12,01,10,15
红球20码 31,28,05,03,10,18,04,01,25,08,33,17,12,14,30,11,16
红球双胆 31
红球三胆 31,28
蓝球定五码 06,05,07,08
红球12码 31,28,05,03,10,18,04,01,25,08,33
红球杀三码 24,22,06
红球龙头两码 01,03
红球凤尾两码 31,33
==================寻雾=================
红球独胆 32
蓝球定三码 04,07,14
红球杀六码 01,14,16,17,20,33
红球25码 02,03,04,05,06,07,08,10,11,12,13,18,19,21,22,23,24,25,26,27,28,29,30,31,32
蓝球杀五码 01,03,05,09,15
红球20码 02,03,04,05,06,07,08,10,11,12,22,24,25,26,27,28,29,30,31,32
红球双胆 28,32
红球三胆 07,28,32
蓝球定五码 04,07,11,12,14
红球12码 02,03,04,05,07,08,11,12,22,26,28,32
红球杀三码 01,16,20
红球龙头两码 02,03
红球凤尾两码 28,32
==================谁与争锋=================
红球独胆 11
蓝球定三码 02,05,13
红球杀六码 02,06,14,17,24,33
红球25码 01,03,04,05,07,08,09,10,11,12,13,15,16,19,20,21,22,25,26,27,28,29,30,31,32
蓝球杀五码 03,04,08,14,15
红球20码 01,03,04,05,07,08,10,11,12,16,19,20,21,22,25,26,27,28,30,32
红球双胆 05,11
红球三胆 05,11,26
蓝球定五码 02,05,07,11,13
红球12码 01,05,07,08,10,11,20,21,25,26,30,32
红球杀三码 02,17,33
红球龙头两码 01,05
红球凤尾两码 30,32
==================小仙女=================
红球独胆 32
蓝球定三码 01,03,09
红球杀六码 04,07,08,14,20,29
红球25码 01,02,03,05,06,09,11,12,13,15,16,17,18,19,21,23,24,25,26,27,28,30,31,32,33
蓝球杀五码 04,06,10,13,15
红球20码 01,02,03,05,06,09,11,12,13,19,21,23,24,25,26,27,28,30,31,32
红球双胆 30,32
红球三胆 27,30,32
蓝球定五码 01,03,07,09,12
红球12码 02,03,06,09,11,13,23,25,27,28,30,32
红球杀三码 08,14,29
红球龙头两码 02,03
红球凤尾两码 30,32
==================蜗蜗牛=================
红球独胆 06
蓝球定三码 02,10,11
红球杀六码 12,14,15,28,31,33
红球25码 01,02,03,04,05,06,07,08,09,10,13,16,17,19,20,21,22,23,24,25,26,27,29,30,32
蓝球杀五码 03,04,05,14,16
红球20码 01,02,03,04,06,08,09,10,13,16,19,21,22,23,25,26,27,29,30,32
红球双胆 06,19
红球三胆 04,06,19
蓝球定五码 02,08,10,11,13
红球12码 01,02,04,06,08,10,16,19,22,23,29,30
红球杀三码 15,28,31
红球龙头两码 01,02
红球凤尾两码 29,30
==================李寒=================
红球独胆 24
蓝球定三码 06,13,14
红球杀六码 01,04,05,06,18,23
红球25码 02,03,07,08,09,10,11,12,13,14,15,16,17,19,20,21,22,24,25,26,28,30,31,32,33
蓝球杀五码 01,02,03,10,15
红球20码 03,07,09,10,11,12,13,14,15,16,19,20,21,22,24,25,26,30,32,33
红球双胆 24,26
红球三胆 11,24,26
蓝球定五码 04,05,06,13,14
红球12码 03,11,12,14,15,16,19,20,22,24,26,33
红球杀三码 06,18,23
红球龙头两码 03,11
红球凤尾两码 26,33
==================痛并快乐=================
红球独胆 27
蓝球定三码 04,05,10
红球杀六码 02,04,13,23,26,30
红球25码 01,03,05,06,07,08,09,10,11,12,14,15,16,17,18,19,20,21,22,25,27,28,29,31,33
蓝球杀五码 02,07,08,09,13
红球20码 05,06,07,08,10,11,12,14,15,16,17,18,19,20,21,25,27,29,31,33
红球双胆 05,27
红球三胆 05,07,27
蓝球定五码 04,05,06,10,16
红球12码 05,07,10,11,12,14,18,19,20,25,27,33
红球杀三码 13,23,30
红球龙头两码 05,07
红球凤尾两码 27,33
==================巫妖=================
红球独胆 27
蓝球定三码 02,03,07
红球杀六码 03,05,10,13,21,33
红球25码 01,02,04,06,07,08,09,11,12,14,15,16,17,18,19,20,22,23,24,25,26,27,28,29,31
蓝球杀五码 01,05,09,10,11
红球20码 01,02,04,06,07,08,09,11,12,15,16,18,19,23,24,25,26,27,29,31
红球双胆 02,27
红球三胆 02,24,27
蓝球定五码 02,03,04,07,15
红球12码 02,06,08,09,12,15,16,18,23,24,27,31
红球杀三码 03,13,21
红球龙头两码 02,06
红球凤尾两码 27,31
==================忘忧草=================
红球独胆 25
蓝球定三码 01,06,09
红球杀六码 05,11,13,24,26,33
红球25码 01,02,03,04,06,07,08,10,12,14,16,17,18,19,20,21,22,23,25,27,28,29,30,31,32
蓝球杀五码 02,10,13,15,16
红球20码 01,02,03,04,06,07,10,12,14,16,17,19,20,21,23,25,27,28,30,32
红球双胆 23,25
红球三胆 17,23,25
蓝球定五码 01,03,06,09,11
红球12码 01,02,03,06,16,17,19,20,23,25,27,32
红球杀三码 11,24,33
红球龙头两码 01,02
红球凤尾两码 27,32
==================彩天地=================
红球独胆 10
蓝球定三码 06,09,13
红球杀六码 02,15,17,18,30,33
红球25码 01,03,04,05,06,07,08,09,10,11,12,13,14,16,20,21,22,23,24,26,27,28,29,31,32
蓝球杀五码 01,04,08,11,15
红球20码 03,05,06,08,09,10,11,13,14,16,20,21,22,23,26,27,28,29,31,32
红球双胆 10,29
红球三胆 03,10,29
蓝球定五码 06,09,12,13,16
红球12码 03,06,08,09,10,11,21,23,26,27,29,32
红球杀三码 02,18,33
红球龙头两码 03,06
红球凤尾两码 29,32
==================天之骄子=================
红球独胆 22
蓝球定三码 06,07,11
红球杀六码 02,05,10,12,17,21
红球25码 01,03,04,06,07,08,09,11,13,15,18,19,20,22,23,24,25,26,27,28,29,30,31,32,33
蓝球杀五码 01,08,14,15,16
红球20码 01,03,04,06,07,08,09,13,19,20,22,23,24,25,26,27,28,29,30,33
红球双胆 20,22
红球三胆 03,20,22
蓝球定五码 04,06,07,11,13
红球12码 03,04,06,08,09,13,19,20,22,23,29,33
红球杀三码 02,05,10
红球龙头两码 03,04
红球凤尾两码 29,33
==================小豆豆=================
红球独胆 30
蓝球定三码 03,08,11
红球杀六码 15,19,20,23,32,33
红球25码 01,02,03,04,05,06,07,08,09,10,11,12,13,14,16,17,18,21,22,25,26,27,28,30,31
蓝球杀五码 02,05,09,10,13
红球20码 01,02,03,04,05,07,08,10,11,13,14,17,21,22,25,26,27,28,30,31
红球双胆 25,30
红球三胆 10,25,30
蓝球定五码 03,07,08,11,16
红球12码 03,04,08,10,11,14,22,25,26,27,28,30
红球杀三码 19,23,33
红球龙头两码 03,04
红球凤尾两码 28,30
==================双色球达人=================
红球独胆 32
蓝球定三码 01,03,04
红球杀六码 04,07,20,22,27,31
红球25码 01,02,03,05,06,09,10,11,12,14,15,16,17,18,19,21,23,24,25,26,28,29,30,32,33
蓝球杀五码 05,07,10,15,16
红球20码 01,02,05,06,09,10,11,12,16,17,18,19,21,23,26,28,29,30,32,33
红球双胆 06,32
红球三胆 06,28,32
蓝球定五码 01,02,03,04,11
红球12码 02,05,06,11,16,17,19,23,28,30,32,33
红球杀三码 22,27,31
红球龙头两码 02,05
红球凤尾两码 32,33
==================孤雁看胆=================
红球独胆 07
蓝球定三码 10,13,16
红球杀六码 16,19,20,22,28,30
红球25码 01,02,03,04,05,06,07,08,10,11,12,13,14,15,18,21,23,24,25,26,27,29,31,32,33
蓝球杀五码 01,08,09,14,15
红球20码 01,03,04,06,07,08,10,11,12,13,14,15,18,21,23,26,27,31,32,33
红球双胆 07,23
红球三胆 07,12,23
蓝球定五码 02,10,12,13,16
红球12码 01,07,10,11,12,13,15,21,23,27,31,32
红球杀三码 20,22,28
红球龙头两码 01,07
红球凤尾两码 31,32
