==================狐王=================
红球独胆 03
蓝球定三码 02,10,16
红球杀六码 07,11,18,19,21,24
红球25码 01,02,03,04,06,08,09,10,12,13,14,15,17,20,22,23,25,26,27,28,29,30,31,32,33
蓝球杀五码 03,04,07,13,14
红球20码 02,03,04,06,08,09,10,12,13,14,15,20,22,25,26,27,29,30,31,33
红球双胆 03,31
红球三胆 03,09,31
蓝球定五码 02,06,10,12,16
红球12码 02,03,06,09,10,12,13,14,20,27,31,33
红球杀三码 07,11,24
红球龙头两码 02,03
红球凤尾两码 31,33
==================完美运程=================
红球独胆 29
蓝球定三码 01,10,12
红球杀六码 02,07,12,14,18,20
红球25码 01,03,04,05,06,08,09,11,13,15,16,17,21,22,23,24,25,26,27,28,29,30,31,32,33
蓝球杀五码 04,05,06,09,14
红球20码 01,03,04,06,08,09,11,16,17,22,23,24,25,26,28,29,30,31,32,33
红球双胆 29,33
红球三胆 04,29,33
蓝球定五码 01,10,12,13,16
红球12码 04,06,09,11,22,23,24,25,28,29,30,33
红球杀三码 07,12,20
红球龙头两码 04,06
红球凤尾两码 30,33
==================蜗蜗牛=================
红球独胆 03
蓝球定三码 04,06,15
红球杀六码 02,12,19,21,23,26
红球25码 01,03,04,06,07,08,09,10,13,14,15,16,17,18,20,22,24,25,27,28,29,30,31,32,33
蓝球杀五码 01,03,05,08,14
红球20码 01,03,06,07,08,09,10,13,14,15,16,18,24,25,27,28,29,30,31,32
红球双胆 03,15
红球三胆 03,13,15
蓝球定五码 02,04,06,12,15
红球12码 03,06,07,08,13,14,15,24,28,29,30,31
红球杀三码 02,12,26
红球龙头两码 03,06
红球凤尾两码 30,31
==================格兰雄狮=================
红球独胆 18
蓝球定三码 01,07,12
红球杀六码 10,21,23,25,26,28
红球25码 01,02,03,04,05,06,07,08,09,11,12,13,14,15,16,17,18,19,20,22,24,27,29,30,32
蓝球杀五码 02,03,04,05,14
红球20码 01,02,03,04,05,07,09,11,12,13,15,16,17,18,20,22,24,27,30,32
红球双胆 18,20
红球三胆 18,20,24
蓝球定五码 01,07,10,12,13
红球12码 01,02,05,07,13,15,18,20,22,24,27,32
红球杀三码 21,25,28
红球龙头两码 01,02
红球凤尾两码 27,32
==================巫妖=================
红球独胆 26
蓝球定三码 01,09,13
红球杀六码 03,11,13,15,21,27
红球25码 01,04,05,06,07,08,09,10,12,14,16,17,18,19,20,22,23,24,25,26,28,29,30,31,32
蓝球杀五码 02,05,07,10,15
红球20码 01,05,06,07,08,09,12,17,19,20,22,23,24,25,26,28,29,30,31,32
红球双胆 12,26
红球三胆 12,25,26
蓝球定五码 01,03,08,09,13
红球12码 01,07,08,09,12,23,24,25,26,30,31,32
红球杀三码 11,15,21
红球龙头两码 01,07
红球凤尾两码 31,32
==================暗渡陈仓=================
红球独胆 16
蓝球定三码 09,12,14
红球杀六码 12,14,27,31,32,33
红球25码 01,02,03,04,05,06,07,08,09,11,13,15,16,17,18,19,20,21,22,23,24,25,26,28,30
蓝球杀五码 01,02,03,04,16
红球20码 01,02,03,04,05,06,07,08,11,15,16,17,18,19,20,22,23,25,28,30
红球双胆 16,28
红球三胆 07,16,28
蓝球定五码 07,09,12,13,14
红球12码 01,04,05,07,16,17,18,20,22,23,25,28
红球杀三码 27,31,32
红球龙头两码 01,04
红球凤尾两码 25,28
==================天宇=================
红球独胆 19
蓝球定三码 05,08,14
红球杀六码 03,07,13,21,24,28
红球25码 01,02,04,05,06,08,09,10,11,12,14,15,16,17,18,19,20,22,23,26,27,30,31,32,33
蓝球杀五码 06,10,11,12,16
红球20码 01,04,06,09,10,12,14,15,16,18,19,20,22,23,26,27,30,31,32,33
红球双胆 19,22
红球三胆 14,19,22
蓝球定五码 01,05,08,14,15
红球12码 01,09,12,14,15,18,19,22,23,27,30,33
红球杀三码 03,07,24
红球龙头两码 01,09
红球凤尾两码 30,33
==================百炼成钢=================
红球独胆 08
蓝球定三码 07,09,10
红球杀六码 11,12,16,21,22,31
红球25码 01,02,03,05,06,07,08,09,13,14,15,17,18,19,20,23,24,25,26,27,28,29,30,32,33
蓝球杀五码 06,12,13,14,15
红球20码 01,02,03,05,07,08,09,13,15,17,18,19,20,24,25,26,28,29,30,32
红球双胆 08,26
红球三胆 08,26,32
蓝球定五码 04,07,09,10,16
红球12码 01,05,07,08,09,13,18,19,24,26,29,32
红球杀三码 21,22,31
红球龙头两码 01,05
红球凤尾两码 29,32
==================连连碰=================
红球独胆 16
蓝球定三码 03,09,16
红球杀六码 02,06,07,10,14,28
红球25码 01,03,04,05,08,09,11,12,13,15,16,17,19,20,21,22,23,24,25,26,27,29,30,31,32
蓝球杀五码 01,02,04,12,13
红球20码 01,04,05,08,09,11,13,15,16,17,19,20,21,22,24,25,27,30,31,32
红球双胆 16,25
红球三胆 09,16,25
蓝球定五码 03,09,14,15,16
红球12码 09,11,16,17,19,20,22,24,25,30,31,32
红球杀三码 02,06,10
红球龙头两码 09,11
红球凤尾两码 31,32
==================第二神=================
红球独胆 31
蓝球定三码 02,03,16
红球杀六码 10,15,16,18,25,27
红球25码 01,02,03,05,06,07,08,09,11,12,13,14,17,19,20,21,22,23,24,26,29,30,31,32,33
蓝球杀五码 06,07,09,13,15
红球20码 01,02,05,06,07,08,09,11,12,13,14,17,20,21,22,23,29,30,31,32
红球双胆 20,31
红球三胆 07,20,31
蓝球定五码 02,03,10,14,16
红球12码 05,06,07,08,11,12,13,14,20,23,31,32
红球杀三码 10,15,27
红球龙头两码 05,06
红球凤尾两码 31,32
==================称心码=================
红球独胆 16
蓝球定三码 03,09,13
红球杀六码 10,12,20,23,24,26
红球25码 01,02,03,04,05,06,07,11,13,14,15,16,17,18,19,21,22,25,27,28,29,30,31,32,33
蓝球杀五码 04,07,08,12,14
红球20码 01,02,04,05,07,11,13,14,15,16,18,19,25,27,28,29,30,31,32,33
红球双胆 16,32
红球三胆 01,16,32
蓝球定五码 01,03,05,09,13
红球12码 01,02,04,13,16,19,25,28,29,31,32,33
红球杀三码 12,23,26
红球龙头两码 01,02
红球凤尾两码 32,33
==================李寒=================
红球独胆 02
蓝球定三码 06,09,16
红球杀六码 01,04,05,06,14,17
红球25码 02,03,07,08,09,10,11,12,13,15,18,19,21,22,23,24,25,26,27,28,29,30,31,32,33
蓝球杀五码 04,05,11,13,15
红球20码 02,03,07,08,09,11,13,18,19,22,23,24,25,26,27,28,29,30,32,33
红球双胆 02,08
红球三胆 02,08,23
蓝球定五码 01,02,06,09,16
红球12码 02,03,07,08,09,18,22,23,26,29,30,33
红球杀三码 04,06,14
红球龙头两码 02,03
红球凤尾两码 30,33
==================幽冉=================
红球独胆 04
蓝球定三码 01,02,14
红球杀六码 06,14,15,16,29,33
红球25码 01,02,04,05,07,08,09,10,11,12,13,17,18,19,20,21,22,24,25,26,27,28,30,31,32
蓝球杀五码 05,08,12,13,15
红球20码 01,02,04,05,07,09,10,12,13,17,19,20,21,22,24,25,26,28,30,31
红球双胆 04,24
红球三胆 04,19,24
蓝球定五码 01,02,03,07,14
红球12码 01,02,04,09,13,19,20,21,22,24,26,30
红球杀三码 06,14,16
红球龙头两码 01,02
红球凤尾两码 26,30
==================惊天危机=================
红球独胆 21
蓝球定三码 08,09,15
红球杀六码 12,13,14,28,30,33
红球25码 01,02,03,04,05,06,08,09,10,11,15,16,17,18,19,20,21,22,23,24,25,26,27,29,32
蓝球杀五码 03,07,10,11,14
红球20码 01,02,03,04,09,10,11,15,16,17,18,19,21,22,23,24,25,26,27,32
红球双胆 01,21
红球三胆 01,03,21
蓝球定五码 08,09,12,13,15
红球12码 01,03,04,09,11,16,18,21,23,26,27,32
红球杀三码 14,30,33
红球龙头两码 01,03
红球凤尾两码 27,32
==================真心相待=================
红球独胆 11
蓝球定三码 04,05,13
红球杀六码 01,15,17,18,20,22
红球25码 02,03,04,06,07,08,09,10,11,12,13,14,16,19,21,23,24,25,26,28,29,30,31,32,33
蓝球杀五码 01,07,08,09,10
红球20码 02,03,04,06,07,10,11,12,13,14,16,19,21,25,26,28,29,30,31,33
红球双胆 11,30
红球三胆 02,11,30
蓝球定五码 04,05,06,11,13
红球12码 02,04,06,10,11,12,13,16,21,25,30,31
红球杀三码 15,18,20
红球龙头两码 02,04
红球凤尾两码 30,31
==================助力=================
红球独胆 10
蓝球定三码 07,01,16
红球杀六码 07,25,28,29,11,04
红球25码 10,15,27,12,23,26,24,20,03,02,09,05,22,17,18,13,21,31,30,32,06,01,08,33,14
蓝球杀五码 13,14,03,15,06
红球20码 10,15,27,12,23,26,24,20,03,02,09,05,22,17,18,13,21,31,30,32
红球双胆 10,15
红球三胆 10,15,27
蓝球定五码 07,01,16,11,04
红球12码 10,15,27,12,23,26,24,20,03,02,09,05
红球杀三码 07,28,25
红球龙头两码 02,03
红球凤尾两码 24,26
==================飞花潇雪=================
红球独胆 28
蓝球定三码 01,13
红球杀六码 16
红球25码 01,03,05,06,07,08,09,11,13,15,17,20,21,22,24,25,29,30,32,33
蓝球杀五码 02,07,11,12,15
红球20码 01,03,05,06,08,11,15,17,20,21,24,25,29,30,32,33
红球双胆 17
红球三胆 17
蓝球定五码 01,06,13,14
红球12码 05,08,11,15,17,24,25,32
红球杀三码 02,10,14
红球龙头两码 05
红球凤尾两码 32
==================寻雾=================
红球独胆 17
蓝球定三码 02,06,10
红球杀六码 04,18,21,22,26,30
红球25码 01,02,03,05,06,07,08,09,10,11,12,13,14,15,16,17,23,24,25,27,28,29,31,32,33
蓝球杀五码 01,04,05,09,11
红球20码 01,03,05,06,07,09,10,11,12,13,14,16,17,23,24,25,27,29,31,33
红球双胆 11,17
红球三胆 11,12,17
蓝球定五码 02,06,07,10,16
红球12码 03,07,09,11,12,14,16,17,25,27,29,31
红球杀三码 18,22,26
红球龙头两码 03,07
红球凤尾两码 29,31
==================万神=================
红球独胆 15
蓝球定三码 01,05,14
红球杀六码 02,03,10,12,22,30
红球25码 01,04,05,06,07,08,09,11,13,14,15,17,18,19,20,21,23,24,25,26,27,28,29,31,33
蓝球杀五码 06,08,09,11,13
红球20码 01,04,05,06,07,08,09,11,13,15,18,19,20,24,25,27,28,29,31,33
红球双胆 09,15
红球三胆 09,15,27
蓝球定五码 01,05,14,15,16
红球12码 01,04,05,06,09,11,13,15,24,27,29,33
红球杀三码 02,12,30
红球龙头两码 01,04
红球凤尾两码 29,33
==================四通八达=================
红球独胆 13
蓝球定三码 07,11,12
红球杀六码 03,04,10,14,30,32
红球25码 01,02,05,06,07,08,09,12,13,15,16,18,19,20,21,22,23,24,25,26,27,28,29,31,33
蓝球杀五码 02,03,10,14,15
红球20码 01,02,07,12,13,15,16,18,19,20,21,22,23,24,25,26,27,28,31,33
红球双胆 13,33
红球三胆 13,18,33
蓝球定五码 06,07,11,12,13
红球12码 01,02,07,13,16,18,20,21,22,24,31,33
红球杀三码 10,30,32
红球龙头两码 01,02
红球凤尾两码 31,33
==================演绎人生=================
红球独胆 29
蓝球定三码 06,12,13
红球杀六码 03,05,17,19,24,33
红球25码 01,02,04,06,07,09,10,11,12,13,14,15,16,18,20,21,22,23,25,27,28,29,30,31,32
蓝球杀五码 03,07,09,11,14
红球20码 02,06,07,10,11,12,13,15,16,18,20,21,22,25,27,28,29,30,31,32
红球双胆 15,29
红球三胆 15,16,29
蓝球定五码 01,06,12,13,15
红球12码 02,07,15,16,18,20,22,25,28,29,30,31
红球杀三码 05,17,19
红球龙头两码 02,07
红球凤尾两码 30,31
==================莫天命=================
红球独胆 04
蓝球定三码 01,06,10
红球杀六码 08,13,20,27,31,33
红球25码 01,02,03,04,05,06,07,09,10,12,15,16,17,18,19,21,22,23,24,25,26,28,29,30,32
蓝球杀五码 03,07,12,14,15
红球20码 01,02,04,05,06,07,09,12,15,16,17,18,22,24,25,26,28,29,30,32
红球双胆 04,07
红球三胆 04,07,12
蓝球定五码 01,04,05,06,10
红球12码 04,05,06,07,12,15,17,18,24,28,30,32
红球杀三码 08,13,20
红球龙头两码 04,05
红球凤尾两码 30,32
==================孤雁看胆=================
红球独胆 24
蓝球定三码 01,04,16
红球杀六码 08,10,11,14,23,32
红球25码 01,02,03,04,05,06,07,09,12,13,15,16,17,18,19,20,21,22,24,25,26,28,29,31,33
蓝球杀五码 05,10,11,12,13
红球20码 01,02,03,04,06,07,12,13,16,17,18,19,21,24,25,26,28,29,31,33
红球双胆 04,24
红球三胆 02,04,24
蓝球定五码 01,04,07,08,16
红球12码 01,02,04,07,12,13,19,24,25,28,29,31
红球杀三码 11,23,32
红球龙头两码 01,02
红球凤尾两码 29,31
==================小仙女=================
红球独胆 28
蓝球定三码 05,08,11
红球杀六码 03,07,12,18,19,31
红球25码 01,02,04,05,06,08,09,11,13,14,15,16,17,20,21,22,23,24,25,26,27,28,29,30,32
蓝球杀五码 02,09,10,12,16
红球20码 02,04,05,06,09,11,13,14,16,17,20,21,23,24,25,26,27,28,29,32
红球双胆 28,29
红球三胆 14,28,29
蓝球定五码 05,06,08,11,13
红球12码 04,06,13,14,17,20,23,24,26,28,29,32
红球杀三码 03,18,31
红球龙头两码 04,06
红球凤尾两码 29,32
==================军师吴用=================
红球独胆 22
蓝球定三码 12,13,16
红球杀六码 01,06,18,31,32,33
红球25码 02,03,04,05,07,08,09,10,11,12,13,14,15,17,19,20,21,22,23,25,26,27,28,29,30
蓝球杀五码 01,02,03,04,05
红球20码 02,03,04,05,07,08,09,10,12,13,15,17,19,21,22,23,25,27,28,29
红球双胆 02,22
红球三胆 02,03,22
蓝球定五码 06,12,13,15,16
红球12码 02,03,04,05,08,13,15,19,22,23,27,28
红球杀三码 31,32,33
红球龙头两码 02,03
红球凤尾两码 27,28
==================西龙=================
红球独胆 24
蓝球定三码 07,13,14
红球杀六码 02,06,12,16,28,29
红球25码 01,03,04,05,07,08,09,10,13,14,15,17,18,19,20,21,22,23,24,25,26,30,31,32,33
蓝球杀五码 05,06,10,11,15
红球20码 01,05,07,08,09,10,13,14,15,17,18,19,20,21,24,25,26,30,32,33
红球双胆 20,24
红球三胆 20,24,26
蓝球定五码 03,07,09,13,14
红球12码 01,07,08,10,13,18,20,24,26,30,32,33
红球杀三码 02,28,29
红球龙头两码 01,07
红球凤尾两码 32,33
==================潮人=================
红球独胆 19
蓝球定三码 09,11,12
红球杀六码 04,15,18,22,25,27
红球25码 01,02,03,06,07,08,09,10,11,12,13,14,17,19,20,21,23,24,26,28,29,30,31,32,33
蓝球杀五码 05,13,14,15,16
红球20码 01,02,06,08,10,11,12,14,17,19,21,23,24,26,28,29,30,31,32,33
红球双胆 19,29
红球三胆 10,19,29
蓝球定五码 02,07,09,11,12
红球12码 02,06,10,11,12,14,19,23,26,29,31,33
红球杀三码 04,25,27
红球龙头两码 02,06
红球凤尾两码 31,33
==================西坝=================
红球独胆 19
蓝球定三码 03,12,13
红球杀六码 01,07,16,17,22,30
红球25码 02,03,04,05,06,08,09,10,11,13,14,15,18,19,20,21,23,24,25,26,27,28,29,31,32
蓝球杀五码 01,04,07,11,16
红球20码 02,03,04,06,08,10,11,14,15,18,19,20,21,23,24,25,26,28,29,31
红球双胆 19,24
红球三胆 15,19,24
蓝球定五码 03,09,10,12,13
红球12码 02,10,11,15,18,19,21,24,25,26,28,31
红球杀三码 07,17,22
红球龙头两码 02,10
红球凤尾两码 28,31
==================丹姿=================
红球独胆 03
蓝球定三码 06,07,16
红球杀六码 02,12,15,18,24,32
红球25码 01,03,04,05,06,09,10,11,13,14,16,17,19,20,21,22,23,25,26,27,28,29,30,31,33
蓝球杀五码 03,09,12,14,15
红球20码 01,03,05,06,09,10,11,13,14,17,19,20,21,22,23,26,27,30,31,33
红球双胆 03,27
红球三胆 03,26,27
蓝球定五码 02,06,07,13,16
红球12码 01,03,06,09,11,17,20,22,26,27,30,33
红球杀三码 12,15,18
红球龙头两码 01,03
红球凤尾两码 30,33
==================忘忧草=================
红球独胆 02
蓝球定三码 01,05,09
红球杀六码 04,13,16,18,25,31
红球25码 01,02,03,05,06,07,08,09,10,11,14,15,17,19,20,21,23,24,26,27,28,29,30,32,33
蓝球杀五码 02,04,11,12,15
红球20码 01,02,03,05,07,08,09,10,11,14,15,19,20,21,23,24,26,27,29,33
红球双胆 02,20
红球三胆 02,03,20
蓝球定五码 01,05,09,13,16
红球12码 01,02,03,09,14,15,19,20,24,26,29,33
红球杀三码 04,16,25
红球龙头两码 01,02
红球凤尾两码 29,33
==================彩天地=================
红球独胆 07
蓝球定三码 03,09,15
红球杀六码 11,12,17,19,22,23
红球25码 01,02,03,04,05,06,07,08,09,10,13,14,15,16,18,20,21,24,25,26,27,28,30,31,33
蓝球杀五码 07,08,10,14,16
红球20码 01,02,03,07,08,09,10,13,14,15,16,18,20,21,25,26,27,28,31,33
红球双胆 07,25
红球三胆 07,14,25
蓝球定五码 03,09,11,13,15
红球12码 01,02,07,08,09,13,14,15,18,21,25,27
红球杀三码 11,12,22
红球龙头两码 01,02
红球凤尾两码 25,27
==================谁与争锋=================
红球独胆 23
蓝球定三码 06,08,16
红球杀六码 01,15,29,30,31,32
红球25码 02,03,04,05,06,07,08,09,10,11,12,13,14,16,17,18,19,21,22,23,25,26,27,28,33
蓝球杀五码 02,11,12,13,14
红球20码 02,04,05,06,07,08,09,10,11,12,16,17,18,19,21,23,26,27,28,33
红球双胆 02,23
红球三胆 02,11,23
蓝球定五码 03,06,08,10,16
红球12码 02,08,09,10,11,12,17,18,19,23,26,27
红球杀三码 15,29,30
红球龙头两码 02,08
红球凤尾两码 26,27
==================清风雪舞=================
红球独胆 16
蓝球定三码 02,04,09
红球杀六码 14,19,22,23,25,28
红球25码 01,02,04,05,06,07,08,10,11,12,13,15,16,17,18,20,21,24,26,27,29,30,31,32,33
蓝球杀五码 03,07,08,11,15
红球20码 01,05,06,07,10,12,13,15,16,17,20,21,24,26,27,29,30,31,32,33
红球双胆 16,24
红球三胆 10,16,24
蓝球定五码 02,04,09,12,16
红球12码 05,07,10,12,16,17,24,26,27,30,31,33
红球杀三码 14,22,23
红球龙头两码 05,07
红球凤尾两码 31,33
==================西川达子=================
红球独胆 05
蓝球定三码 04,06,09
红球杀六码 03,06,07,14,15,26
红球25码 01,02,04,05,09,10,11,12,13,16,18,19,20,21,22,23,24,25,27,28,29,30,31,32,33
蓝球杀五码 01,03,12,14,15
红球20码 01,02,04,05,09,11,12,13,16,18,19,20,22,23,27,28,29,30,31,33
红球双胆 05,27
红球三胆 05,16,27
蓝球定五码 02,04,06,07,09
红球12码 04,05,09,11,12,16,19,20,23,27,31,33
红球杀三码 06,14,15
红球龙头两码 04,05
红球凤尾两码 31,33
==================薄彩在身=================
红球独胆 30
蓝球定三码 06,13,15
红球杀六码 05,16,23,25,27,31
红球25码 01,02,04,06,07,08,09,10,11,12,13,14,17,18,19,20,21,22,24,26,28,29,30,32,33
蓝球杀五码 01,02,08,12,14
红球20码 04,06,07,08,09,10,11,12,13,14,17,18,19,21,22,26,28,29,30,33
红球双胆 28,30
红球三胆 04,28,30
蓝球定五码 05,06,07,13,15
红球12码 04,07,08,09,12,14,18,21,22,26,28,30
红球杀三码 23,25,27
红球龙头两码 04,07
红球凤尾两码 28,30
==================百事大吉=================
红球独胆 27
蓝球定三码 06,07,09
红球杀六码 03,06,17,21,22,25
红球25码 01,02,04,05,07,08,09,10,11,12,13,14,15,16,18,19,20,26,27,28,29,30,31,32,33
蓝球杀五码 01,02,05,08,16
红球20码 01,02,05,08,09,10,11,12,13,15,16,18,19,20,26,27,28,29,30,32
红球双胆 05,27
红球三胆 02,05,27
蓝球定五码 06,07,09,10,15
红球12码 02,05,10,12,13,18,19,20,26,27,29,30
红球杀三码 03,17,21
红球龙头两码 02,05
红球凤尾两码 29,30
==================双色球达人=================
红球独胆 29
蓝球定三码 02,08,12
红球杀六码 02,07,11,12,24,25
红球25码 01,03,05,06,08,09,10,13,14,15,16,17,18,19,20,21,22,26,27,28,29,30,31,32,33
蓝球杀五码 05,09,13,14,15
红球20码 01,06,08,09,13,14,15,16,18,19,20,22,26,27,28,29,30,31,32,33
红球双胆 26,29
红球三胆 26,28,29
蓝球定五码 02,03,07,08,12
红球12码 06,08,13,15,18,19,22,26,28,29,31,33
红球杀三码 07,12,25
红球龙头两码 06,08
红球凤尾两码 31,33
==================东方卫视=================
红球独胆 03
蓝球定三码 09,11,16
红球杀六码 13,14,16,17,20,22
红球25码 01,02,03,04,06,07,08,09,10,11,12,15,18,19,21,24,25,26,27,28,29,30,31,32,33
蓝球杀五码 01,02,07,13,15
红球20码 01,02,03,04,06,08,09,10,12,15,18,19,21,24,25,26,29,31,32,33
红球双胆 03,15
红球三胆 03,09,15
蓝球定五码 09,10,11,14,16
红球12码 02,03,08,09,12,15,18,19,24,25,32,33
红球杀三码 13,14,17
红球龙头两码 02,03
红球凤尾两码 32,33
==================天之骄子=================
红球独胆 02
蓝球定三码 03,12,14
红球杀六码 03,15,16,22,24,33
红球25码 01,02,04,05,06,07,09,10,11,12,13,14,17,18,19,20,21,23,25,26,28,29,30,31,32
蓝球杀五码 05,08,10,11,15
红球20码 02,05,06,07,09,10,11,12,14,17,18,19,20,21,23,26,28,29,30,31
红球双胆 02,12
红球三胆 02,05,12
蓝球定五码 03,06,12,14,16
红球12码 02,05,06,12,14,17,19,20,21,23,26,29
红球杀三码 22,24,33
红球龙头两码 02,05
红球凤尾两码 26,29
==================小豆豆=================
红球独胆 09
蓝球定三码 10,15,16
红球杀六码 06,07,12,22,28,30
红球25码 01,02,03,04,05,08,09,10,11,13,14,15,16,17,18,19,20,21,23,24,25,27,29,32,33
蓝球杀五码 05,06,08,11,12
红球20码 03,05,08,09,11,13,15,16,17,18,19,20,21,23,24,25,27,29,32,33
红球双胆 09,15
红球三胆 09,15,16
蓝球定五码 02,04,10,15,16
红球12码 05,08,09,11,13,15,16,19,20,24,32,33
红球杀三码 07,22,30
红球龙头两码 05,08
红球凤尾两码 32,33
==================脱口秀=================
红球独胆 23
蓝球定三码 02,13,15
红球杀六码 04,07,08,28,29,30
红球25码 01,02,03,05,06,09,10,12,14,15,16,17,18,19,20,21,22,23,24,25,26,27,31,32,33
蓝球杀五码 01,03,06,10,16
红球20码 03,06,10,12,14,15,16,17,18,19,20,21,22,23,25,26,27,31,32,33
红球双胆 20,23
红球三胆 20,21,23
蓝球定五码 02,04,11,13,15
红球12码 10,12,16,17,20,21,22,23,27,31,32,33
红球杀三码 04,07,29
红球龙头两码 10,12
红球凤尾两码 32,33
==================法神=================
红球独胆 12
蓝球定三码 02,03,06
红球杀六码 02,10,18,22,23,33
红球25码 01,03,04,06,07,08,09,11,12,13,15,16,17,19,20,21,24,25,26,27,28,29,30,31,32
蓝球杀五码 05,07,10,14,15
红球20码 01,03,06,07,08,11,12,13,15,17,19,20,21,25,27,28,29,30,31,32
红球双胆 08,12
红球三胆 08,12,27
蓝球定五码 01,02,03,06,13
红球12码 06,07,08,12,13,17,20,21,25,27,29,30
红球杀三码 10,18,23
红球龙头两码 06,07
红球凤尾两码 29,30
==================痛并快乐=================
红球独胆 23
蓝球定三码 09,14,15
红球杀六码 07,12,18,22,29,31
红球25码 01,02,03,04,05,06,08,09,10,11,14,16,17,19,20,21,23,24,25,26,27,28,30,32,33
蓝球杀五码 04,05,10,11,16
红球20码 01,02,03,04,05,08,09,10,11,14,16,17,19,21,23,25,27,28,30,33
红球双胆 23,30
红球三胆 17,23,30
蓝球定五码 03,09,13,14,15
红球12码 02,08,10,14,16,17,19,21,23,27,28,30
红球杀三码 18,29,31
红球龙头两码 02,08
红球凤尾两码 28,30
==================小糖人=================
红球独胆 24
蓝球定三码 04,06,13
红球杀六码 05,07,12,16,17,25
红球25码 01,02,03,04,06,08,09,10,13,14,15,18,19,20,21,22,23,24,26,27,28,29,30,32,33
蓝球杀五码 01,07,08,12,14
红球20码 02,04,06,09,10,13,14,15,19,20,21,22,23,24,26,27,29,30,32,33
红球双胆 24,26
红球三胆 06,24,26
蓝球定五码 04,06,10,11,13
红球12码 04,06,10,13,15,19,20,23,24,26,29,33
红球杀三码 12,16,25
红球龙头两码 04,06
红球凤尾两码 29,33
==================火力全开=================
红球独胆 19
蓝球定三码 01,07,15
红球杀六码 08,10,13,14,27,31
红球25码 01,02,04,05,06,07,09,11,12,15,16,17,18,19,20,22,23,24,25,26,28,29,30,32,33
蓝球杀五码 04,08,11,13,16
红球20码 01,02,04,06,07,09,11,12,15,16,18,19,20,22,24,25,28,29,30,33
红球双胆 15,19
红球三胆 09,15,19
蓝球定五码 01,03,07,09,15
红球12码 01,04,06,09,11,15,18,19,22,25,28,30
红球杀三码 14,27,31
红球龙头两码 01,04
红球凤尾两码 28,30
==================维迪尔=================
红球独胆 09
蓝球定三码 04,05,07
红球杀六码 11,15,23,29,30,33
红球25码 01,02,03,04,05,06,07,08,09,10,12,13,14,17,18,19,21,22,24,25,26,27,28,31,32
蓝球杀五码 02,09,10,12,14
红球20码 01,03,04,05,06,08,09,10,13,17,18,19,21,22,24,26,27,28,31,32
红球双胆 04,09
红球三胆 04,08,09
蓝球定五码 04,05,07,15,16
红球12码 01,03,04,08,09,10,17,18,19,22,24,26
红球杀三码 15,29,33
红球龙头两码 01,03
红球凤尾两码 24,26
