==================百事大吉=================
红球独胆 11
蓝球定三码 02,10,15
红球杀六码 02,08,12,21,24,31
红球25码 03,04,05,06,07,09,10,11,13,14,15,16,17,18,20,22,23,25,26,27,28,29,30,32,33
蓝球杀五码 01,03,07,09,11
红球20码 04,06,07,09,11,13,15,16,18,20,22,23,25,26,27,28,29,30,32,33
红球双胆 11,25
红球三胆 04,11,25
蓝球定五码 02,08,10,14,15
红球12码 04,07,11,18,20,22,23,25,27,30,32,33
红球杀三码 08,21,31
红球龙头两码 04,07
红球凤尾两码 32,33
==================飞花潇雪=================
红球独胆 22
蓝球定三码 03,06,15
红球杀六码 07
红球25码 01,02,04,08,09,10,11,12,13,15,16,19,21,22,23,25,26,30,31,32,33
蓝球杀五码 09
红球20码 01,02,04,09,10,11,12,15,16,21,22,23,26,30,31,32
红球双胆 22
红球三胆 02,22
蓝球定五码 01,03,06,13,15
红球12码 01,02,10,16,21,22,23,30,32
红球杀三码 07
红球龙头两码 01,02
红球凤尾两码 23,32
==================西龙=================
红球独胆 01
蓝球定三码 05,06,13
红球杀六码 03,06,12,15,24,25
红球25码 01,02,04,05,07,09,10,13,14,16,17,18,19,20,21,22,23,26,27,28,29,30,31,32,33
蓝球杀五码 01,02,03,10,16
红球20码 01,04,05,07,09,10,13,14,16,17,20,22,23,26,27,29,30,31,32,33
红球双胆 01,20
红球三胆 01,20,29
蓝球定五码 05,06,07,13,14
红球12码 01,04,05,10,13,14,16,20,23,26,29,31
红球杀三码 03,12,15
红球龙头两码 01,04
红球凤尾两码 29,31
==================狐王=================
红球独胆 17
蓝球定三码 01,08,09
红球杀六码 04,07,19,26,29,32
红球25码 01,02,03,05,06,08,09,10,11,12,13,14,15,17,20,21,22,23,24,25,27,28,30,31,33
蓝球杀五码 02,03,12,13,15
红球20码 01,02,03,05,06,08,09,11,12,13,14,17,21,22,23,24,25,28,30,33
红球双胆 17,25
红球三胆 12,17,25
蓝球定五码 01,08,09,10,16
红球12码 03,05,06,11,12,13,14,17,21,24,25,33
红球杀三码 04,07,29
红球龙头两码 03,05
红球凤尾两码 25,33
==================格兰雄狮=================
红球独胆 32
蓝球定三码 07,09,12
红球杀六码 12,13,19,23,30,31
红球25码 01,02,03,04,05,06,07,09,10,11,14,15,16,17,20,21,22,24,25,26,27,28,29,32,33
蓝球杀五码 02,03,05,10,11
红球20码 01,02,03,04,09,11,14,15,16,17,20,21,22,24,25,27,28,29,32,33
红球双胆 03,32
红球三胆 03,27,32
蓝球定五码 07,08,09,12,13
红球12码 02,03,15,16,20,22,24,25,27,29,32,33
红球杀三码 13,19,23
红球龙头两码 02,03
红球凤尾两码 32,33
==================东方卫视=================
红球独胆 23
蓝球定三码 03,10,12
红球杀六码 01,10,21,26,28,32
红球25码 02,03,04,05,06,07,08,09,12,13,14,15,16,17,18,19,20,22,23,24,25,27,29,30,31
蓝球杀五码 02,05,06,07,14
红球20码 04,05,06,08,09,12,13,14,15,16,17,18,19,23,24,25,27,29,30,31
红球双胆 16,23
红球三胆 15,16,23
蓝球定五码 03,08,10,12,15
红球12码 05,06,08,14,15,16,17,18,19,23,29,31
红球杀三码 01,21,28
红球龙头两码 05,06
红球凤尾两码 29,31
==================连连碰=================
红球独胆 30
蓝球定三码 05,07,15
红球杀六码 09,10,13,20,25,33
红球25码 01,02,03,04,06,07,11,12,14,15,16,17,18,19,21,22,23,24,26,27,28,29,30,31,32
蓝球杀五码 01,06,09,11,16
红球20码 01,02,04,07,11,12,14,15,16,17,18,19,22,24,27,28,29,30,31,32
红球双胆 18,30
红球三胆 14,18,30
蓝球定五码 05,07,13,14,15
红球12码 02,04,11,14,15,16,18,24,28,30,31,32
红球杀三码 10,13,25
红球龙头两码 02,04
红球凤尾两码 31,32
==================清风雪舞=================
红球独胆 10
蓝球定三码 01,03,16
红球杀六码 03,11,16,18,30,33
红球25码 01,02,04,05,06,07,09,10,12,13,14,15,17,19,20,21,22,23,24,25,26,28,29,31,32
蓝球杀五码 05,08,09,10,14
红球20码 01,02,04,05,06,07,10,12,13,14,15,19,20,21,23,24,25,26,29,31
红球双胆 10,23
红球三胆 07,10,23
蓝球定五码 01,02,03,15,16
红球12码 02,04,05,07,10,13,14,15,20,23,24,29
红球杀三码 11,18,33
红球龙头两码 02,04
红球凤尾两码 24,29
==================百炼成钢=================
红球独胆 25
蓝球定三码 03,08,10
红球杀六码 01,05,08,09,16,30
红球25码 02,03,04,06,10,11,12,13,14,15,17,18,20,21,22,23,24,25,26,27,28,29,31,32,33
蓝球杀五码 01,06,11,12,15
红球20码 02,03,04,06,10,11,12,13,17,18,22,23,24,25,26,27,28,31,32,33
红球双胆 25,32
红球三胆 03,25,32
蓝球定五码 03,05,07,08,10
红球12码 03,04,10,11,12,13,17,25,26,27,31,32
红球杀三码 01,08,16
红球龙头两码 03,04
红球凤尾两码 31,32
==================西川达子=================
红球独胆 29
蓝球定三码 06,07,12
红球杀六码 07,16,18,20,22,23
红球25码 01,03,04,05,06,08,09,10,11,12,13,14,15,17,19,21,25,26,27,28,29,30,31,32,33
蓝球杀五码 01,03,09,13,16
红球20码 01,03,05,06,08,09,10,11,13,14,15,17,19,21,26,27,28,29,32,33
红球双胆 26,29
红球三胆 10,26,29
蓝球定五码 06,07,10,11,12
红球12码 05,09,10,13,15,17,19,21,26,27,29,33
红球杀三码 07,18,22
红球龙头两码 05,09
红球凤尾两码 29,33
==================薄彩在身=================
红球独胆 04
蓝球定三码 03,12,14
红球杀六码 01,02,06,07,19,22
红球25码 04,05,08,09,10,12,13,14,15,16,17,18,20,21,23,24,25,26,27,28,29,30,31,32,33
蓝球杀五码 01,04,09,11,15
红球20码 04,05,09,10,13,14,15,16,17,18,21,24,25,26,27,28,29,30,31,32
红球双胆 04,15
红球三胆 04,13,15
蓝球定五码 03,08,12,13,14
红球12码 04,10,13,15,17,18,25,26,29,30,31,32
红球杀三码 02,07,19
红球龙头两码 04,10
红球凤尾两码 31,32
==================完美运程=================
红球独胆 08
蓝球定三码 01,08,13
红球杀六码 06,16,18,21,31,32
红球25码 01,02,03,04,05,07,08,09,10,11,12,13,14,15,19,20,22,23,24,25,26,27,28,29,33
蓝球杀五码 02,03,07,09,10
红球20码 01,02,03,04,05,07,08,09,10,11,12,13,14,15,19,22,25,26,27,33
红球双胆 05,08
红球三胆 05,08,25
蓝球定五码 01,04,08,11,13
红球12码 02,03,05,08,10,11,13,14,22,25,26,33
红球杀三码 18,21,31
红球龙头两码 02,03
红球凤尾两码 26,33
==================脱口秀=================
红球独胆 04
蓝球定三码 02,04,06
红球杀六码 05,12,21,26,29,31
红球25码 01,02,03,04,07,08,09,10,11,13,14,15,17,18,19,20,22,23,24,25,27,28,30,32,33
蓝球杀五码 03,05,10,11,13
红球20码 01,02,03,04,09,10,11,13,14,15,17,19,20,22,24,25,28,30,32,33
红球双胆 04,28
红球三胆 04,17,28
蓝球定五码 01,02,04,06,15
红球12码 03,04,10,11,15,17,19,22,25,28,32,33
红球杀三码 05,29,31
红球龙头两码 03,04
红球凤尾两码 32,33
==================第二神=================
红球独胆 09
蓝球定三码 04,07,08
红球杀六码 02,04,08,11,21,30
红球25码 01,03,05,06,07,09,10,12,14,15,16,18,19,20,22,23,24,25,26,27,28,29,31,32,33
蓝球杀五码 01,03,05,09,13
红球20码 01,05,06,07,09,12,14,15,16,19,20,23,24,25,26,27,28,31,32,33
红球双胆 09,16
红球三胆 05,09,16
蓝球定五码 04,07,08,14,15
红球12码 05,06,09,12,14,16,19,20,23,26,27,32
红球杀三码 04,08,30
红球龙头两码 05,06
红球凤尾两码 27,32
==================潮人=================
红球独胆 21
蓝球定三码 03,06,10
红球杀六码 06,08,13,17,22,25
红球25码 01,02,03,05,07,09,10,11,12,14,15,16,18,19,20,21,23,24,26,27,28,29,30,32,33
蓝球杀五码 09,12,13,14,15
红球20码 01,02,03,07,09,10,11,12,14,18,20,21,23,24,26,27,28,30,32,33
红球双胆 21,30
红球三胆 21,23,30
蓝球定五码 01,03,05,06,10
红球12码 01,02,03,07,09,14,18,20,21,23,30,32
红球杀三码 06,08,13
红球龙头两码 01,02
红球凤尾两码 30,32
==================法神=================
红球独胆 02
蓝球定三码 09,10,16
红球杀六码 03,07,12,24,25,29
红球25码 01,02,04,05,06,08,09,10,11,14,15,16,17,18,19,20,21,22,23,26,27,28,30,32,33
蓝球杀五码 03,04,05,14,15
红球20码 02,04,06,08,11,14,15,16,17,18,19,20,21,22,23,26,27,30,32,33
红球双胆 02,26
红球三胆 02,16,26
蓝球定五码 01,02,09,10,16
红球12码 02,04,11,14,15,16,18,20,21,26,27,33
红球杀三码 03,07,29
红球龙头两码 02,04
红球凤尾两码 27,33
==================幽冉=================
红球独胆 10
蓝球定三码 02,08,14
红球杀六码 02,15,20,28,29,33
红球25码 01,03,04,05,06,07,08,09,10,11,12,13,14,16,17,18,19,21,22,23,24,27,30,31,32
蓝球杀五码 01,03,10,11,13
红球20码 01,03,04,05,06,08,10,11,12,13,16,17,18,19,21,22,24,30,31,32
红球双胆 10,21
红球三胆 10,13,21
蓝球定五码 02,06,08,09,14
红球12码 04,06,10,11,13,16,17,18,21,22,30,32
红球杀三码 02,15,29
红球龙头两码 04,06
红球凤尾两码 30,32
==================惊天危机=================
红球独胆 22
蓝球定三码 05,13,15
红球杀六码 02,13,14,18,21,27
红球25码 01,03,04,05,06,07,08,09,10,11,12,15,16,19,20,22,23,24,25,26,28,30,31,32,33
蓝球杀五码 03,07,09,12,14
红球20码 01,03,04,05,07,08,09,10,11,12,15,19,20,22,23,24,26,28,30,32
红球双胆 22,23
红球三胆 08,22,23
蓝球定五码 04,05,11,13,15
红球12码 01,04,05,08,09,15,19,20,22,23,26,32
红球杀三码 02,14,27
红球龙头两码 01,04
红球凤尾两码 26,32
==================四通八达=================
红球独胆 03
蓝球定三码 04,07,12
红球杀六码 16,17,21,23,28,29
红球25码 01,02,03,04,05,06,07,08,10,11,12,13,14,15,19,20,22,24,25,26,27,30,31,32,33
蓝球杀五码 02,03,06,11,16
红球20码 01,03,04,05,06,07,08,10,11,13,14,15,19,20,22,25,26,27,32,33
红球双胆 03,22
红球三胆 03,11,22
蓝球定五码 04,07,10,12,15
红球12码 01,03,04,10,11,13,14,20,22,26,27,33
红球杀三码 17,28,29
红球龙头两码 01,03
红球凤尾两码 27,33
==================演绎人生=================
红球独胆 06
蓝球定三码 02,13,15
红球杀六码 01,09,16,18,32,33
红球25码 02,03,04,05,06,07,08,10,11,12,13,14,15,17,20,22,23,24,25,26,27,28,29,30,31
蓝球杀五码 01,03,07,12,16
红球20码 02,03,04,05,06,07,08,11,13,14,15,17,20,22,24,25,26,27,28,31
红球双胆 06,20
红球三胆 04,06,20
蓝球定五码 02,06,10,13,15
红球12码 04,05,06,07,08,13,14,15,17,20,24,25
红球杀三码 01,09,18
红球龙头两码 04,05
红球凤尾两码 24,25
==================称心码=================
红球独胆 30
蓝球定三码 07,09,11
红球杀六码 03,05,12,15,16,25
红球25码 01,02,04,06,07,08,09,10,11,13,14,17,19,20,21,22,23,24,26,27,28,30,31,32,33
蓝球杀五码 03,05,06,08,15
红球20码 02,04,06,07,08,09,10,11,13,14,17,21,22,23,26,27,30,31,32,33
红球双胆 10,30
红球三胆 10,22,30
蓝球定五码 02,04,07,09,11
红球12码 06,07,10,11,13,14,21,22,26,27,30,33
红球杀三码 03,12,16
红球龙头两码 06,07
红球凤尾两码 30,33
==================丹姿=================
红球独胆 25
蓝球定三码 02,04,09
红球杀六码 06,08,14,24,27,29
红球25码 01,02,04,05,07,09,10,11,12,13,15,16,18,19,20,21,22,23,25,26,28,30,31,32,33
蓝球杀五码 03,05,12,13,15
红球20码 01,05,07,09,10,11,12,13,15,16,18,20,22,23,25,28,30,31,32,33
红球双胆 15,25
红球三胆 05,15,25
蓝球定五码 02,04,06,09,14
红球12码 05,07,10,11,12,15,18,22,25,30,32,33
红球杀三码 06,14,24
红球龙头两码 05,07
红球凤尾两码 32,33
==================真心相待=================
红球独胆 12
蓝球定三码 03,09,16
红球杀六码 04,06,22,23,24,28
红球25码 01,02,03,05,07,08,09,10,11,12,13,14,15,16,17,18,19,20,21,25,26,27,29,31,33
蓝球杀五码 04,05,12,13,15
红球20码 01,02,03,05,07,08,09,10,12,14,15,18,19,20,21,25,26,27,29,31
红球双胆 12,19
红球三胆 12,19,27
蓝球定五码 03,06,08,09,16
红球12码 07,08,10,12,14,15,18,19,21,25,27,31
红球杀三码 04,22,28
红球龙头两码 07,08
红球凤尾两码 27,31
==================小糖人=================
红球独胆 24
蓝球定三码 07,13,16
红球杀六码 02,06,09,28,29,33
红球25码 01,03,04,05,07,08,10,11,12,13,14,15,16,17,18,20,21,22,23,24,26,27,30,31,32
蓝球杀五码 04,06,08,09,11
红球20码 01,03,04,05,07,10,11,12,14,15,16,17,20,21,24,26,27,30,31,32
红球双胆 24,32
红球三胆 20,24,32
蓝球定五码 02,07,13,15,16
红球12码 01,05,10,14,16,17,20,21,24,26,30,32
红球杀三码 28,29,33
红球龙头两码 01,05
红球凤尾两码 30,32
==================巫妖=================
红球独胆 03
蓝球定三码 11,15,16
红球杀六码 02,12,14,17,18,21
红球25码 01,03,04,05,06,07,08,09,10,11,13,15,16,19,20,23,24,25,26,27,28,29,30,31,32
蓝球杀五码 01,02,09,10,12
红球20码 01,03,04,05,06,07,08,10,13,15,16,19,20,23,24,25,27,29,31,32
红球双胆 03,32
红球三胆 03,07,32
蓝球定五码 05,06,11,15,16
红球12码 03,04,06,07,10,15,19,20,23,27,31,32
红球杀三码 12,14,18
红球龙头两码 03,04
红球凤尾两码 31,32
==================暗渡陈仓=================
红球独胆 20
蓝球定三码 06,12,16
红球杀六码 02,09,12,19,21,29
红球25码 01,03,04,05,06,07,08,10,11,13,14,15,16,17,18,20,22,24,25,26,27,28,30,31,33
蓝球杀五码 01,03,04,08,11
红球20码 01,03,04,05,06,08,10,11,13,14,15,16,18,20,22,24,27,28,30,33
红球双胆 01,20
红球三胆 01,06,20
蓝球定五码 05,06,12,13,16
红球12码 01,04,06,08,11,13,14,20,22,27,28,30
红球杀三码 09,12,19
红球龙头两码 01,04
红球凤尾两码 28,30
==================天宇=================
红球独胆 18
蓝球定三码 07,08,16
红球杀六码 05,10,15,19,32,33
红球25码 02,03,04,06,07,08,09,11,12,13,14,16,17,18,20,21,22,23,25,26,27,28,29,30,31
蓝球杀五码 02,03,06,12,14
红球20码 02,03,04,06,07,08,13,14,16,17,18,20,22,23,25,26,27,28,30,31
红球双胆 18,20
红球三胆 16,18,20
蓝球定五码 07,08,10,15,16
红球12码 02,06,07,16,17,18,20,23,25,26,28,31
红球杀三码 05,19,33
红球龙头两码 02,06
红球凤尾两码 28,31
==================军师吴用=================
红球独胆 01
蓝球定三码 02,06,13
红球杀六码 12,20,24,29,32,33
红球25码 01,02,03,04,05,06,07,08,09,10,13,14,15,16,17,18,19,21,22,23,25,26,27,28,31
蓝球杀五码 01,03,05,08,10
红球20码 01,02,03,04,05,07,08,13,14,15,16,17,18,19,21,23,25,26,27,28
红球双胆 01,21
红球三胆 01,21,28
蓝球定五码 02,06,09,13,15
红球12码 01,02,05,08,13,16,18,19,21,26,27,28
红球杀三码 20,29,33
红球龙头两码 01,02
红球凤尾两码 27,28
==================李寒=================
红球独胆 18
蓝球定三码 02,12,14
红球杀六码 04,05,07,09,26,31
红球25码 01,02,03,06,08,10,12,13,14,16,17,18,19,20,21,22,23,24,25,27,28,29,30,32,33
蓝球杀五码 04,07,09,11,13
红球20码 02,03,06,08,10,13,16,17,18,19,20,21,22,23,24,25,27,29,30,32
红球双胆 18,24
红球三胆 13,18,24
蓝球定五码 02,03,12,14,15
红球12码 06,08,10,13,16,17,18,20,22,24,29,32
红球杀三码 05,09,26
红球龙头两码 06,08
红球凤尾两码 29,32
==================西坝=================
红球独胆 01
蓝球定三码 01,08,09
红球杀六码 09,18,19,21,27,33
红球25码 01,02,03,04,05,06,08,10,11,12,13,14,15,16,17,22,23,24,25,26,28,29,30,31,32
蓝球杀五码 02,10,11,12,15
红球20码 01,03,05,06,08,10,11,12,13,14,15,16,17,23,24,25,26,28,30,32
红球双胆 01,23
红球三胆 01,03,23
蓝球定五码 01,05,08,09,13
红球12码 01,03,08,10,11,12,13,14,23,24,30,32
红球杀三码 19,27,33
红球龙头两码 01,03
红球凤尾两码 30,32
==================痛并快乐=================
红球独胆 28
蓝球定三码 11,13,16
红球杀六码 05,10,12,13,23,27
红球25码 01,02,03,04,06,07,08,09,11,14,16,17,18,19,21,22,24,25,26,28,29,30,31,32,33
蓝球杀五码 04,05,07,08,14
红球20码 02,03,04,06,08,09,16,17,18,19,21,22,24,25,26,28,29,30,31,33
红球双胆 02,28
红球三胆 02,04,28
蓝球定五码 03,11,12,13,16
红球12码 02,04,09,16,17,18,19,25,28,29,30,31
红球杀三码 05,12,27
红球龙头两码 02,04
红球凤尾两码 30,31
==================火力全开=================
红球独胆 13
蓝球定三码 04,10,12
红球杀六码 04,09,11,12,21,31
红球25码 01,02,03,05,06,07,08,10,13,15,16,17,18,19,20,22,23,24,26,27,28,29,30,32,33
蓝球杀五码 01,09,11,13,15
红球20码 01,02,05,10,13,15,16,17,18,19,20,22,23,24,26,27,28,29,32,33
红球双胆 13,24
红球三胆 10,13,24
蓝球定五码 03,04,08,10,12
红球12码 05,10,13,16,18,20,23,24,27,28,29,33
红球杀三码 04,11,31
红球龙头两码 05,10
红球凤尾两码 29,33
==================彩天地=================
红球独胆 24
蓝球定三码 01,07,14
红球杀六码 01,04,05,25,28,30
红球25码 03,06,07,08,09,10,11,12,13,14,15,16,17,18,19,20,21,22,23,24,26,27,29,31,33
蓝球杀五码 03,05,06,08,11
红球20码 03,06,08,09,10,11,12,14,15,16,17,18,20,21,22,23,24,26,27,29
红球双胆 24,27
红球三胆 17,24,27
蓝球定五码 01,02,07,14,15
红球12码 08,09,10,12,14,15,17,20,22,24,27,29
红球杀三码 01,28,30
红球龙头两码 08,09
红球凤尾两码 27,29
==================莫天命=================
红球独胆 14
蓝球定三码 03,06,09
红球杀六码 01,13,18,20,21,22
红球25码 02,03,04,05,06,07,09,10,11,12,14,15,16,17,19,23,24,25,27,28,29,30,31,32,33
蓝球杀五码 05,07,12,13,15
红球20码 03,04,06,07,09,10,11,12,14,15,16,19,23,24,25,27,28,29,31,32
红球双胆 06,14
红球三胆 06,14,27
蓝球定五码 03,04,06,09,16
红球12码 03,04,06,09,10,12,14,16,19,25,27,28
红球杀三码 01,13,22
红球龙头两码 03,04
红球凤尾两码 27,28
==================双色球达人=================
红球独胆 05
蓝球定三码 03,08,12
红球杀六码 09,12,13,20,28,33
红球25码 01,02,03,04,05,06,08,10,11,14,15,16,17,18,19,21,22,23,24,25,26,27,30,31,32
蓝球杀五码 01,05,06,10,15
红球20码 01,02,03,04,05,06,08,10,14,15,17,19,21,22,23,24,25,26,30,31
红球双胆 05,21
红球三胆 05,21,24
蓝球定五码 03,08,09,12,14
红球12码 01,03,04,05,06,10,14,21,22,23,24,31
红球杀三码 20,28,33
红球龙头两码 01,03
红球凤尾两码 24,31
==================小仙女=================
红球独胆 19
蓝球定三码 01,05,09
红球杀六码 01,02,18,20,22,29
红球25码 03,04,05,06,07,08,10,11,12,13,14,15,16,17,19,21,23,25,26,27,28,30,31,32,33
蓝球杀五码 03,07,14,15,16
红球20码 04,05,07,08,10,11,12,13,15,16,17,19,21,23,25,26,28,30,31,33
红球双胆 05,19
红球三胆 05,16,19
蓝球定五码 01,04,05,09,11
红球12码 05,07,10,12,13,15,16,17,19,23,26,31
红球杀三码 18,20,22
红球龙头两码 05,07
红球凤尾两码 26,31
==================小豆豆=================
红球独胆 03
蓝球定三码 08,11,14
红球杀六码 05,06,08,19,31,33
红球25码 01,02,03,04,07,09,10,11,12,13,14,15,16,17,18,20,21,22,23,24,26,28,29,30,32
蓝球杀五码 02,03,10,12,16
红球20码 01,03,07,09,10,11,13,16,17,18,20,21,22,23,24,26,28,29,30,32
红球双胆 01,03
红球三胆 01,03,30
蓝球定五码 01,08,11,14,15
红球12码 01,03,09,10,16,20,21,22,24,29,30,32
红球杀三码 06,31,33
红球龙头两码 01,03
红球凤尾两码 30,32
==================维迪尔=================
红球独胆 18
蓝球定三码 01,12,15
红球杀六码 05,20,26,31,32,33
红球25码 01,02,03,04,06,07,08,09,10,12,13,14,15,16,17,18,21,22,23,24,25,27,28,29,30
蓝球杀五码 04,06,07,09,14
红球20码 02,04,08,09,10,12,13,14,16,17,18,21,22,23,24,25,27,28,29,30
红球双胆 18,24
红球三胆 18,24,29
蓝球定五码 01,08,12,15,16
红球12码 02,04,09,13,16,17,18,21,23,24,28,29
红球杀三码 05,32,33
红球龙头两码 02,04
红球凤尾两码 28,29
==================忘忧草=================
红球独胆 06
蓝球定三码 05,08,11
红球杀六码 03,09,17,20,23,27
红球25码 02,04,05,06,07,08,10,11,12,13,14,15,16,18,19,21,22,24,25,26,28,29,30,32,33
蓝球杀五码 02,07,10,12,16
红球20码 02,04,05,06,07,08,11,12,13,14,16,19,21,24,25,26,28,29,32,33
红球双胆 06,19
红球三胆 06,14,19
蓝球定五码 03,05,06,08,11
红球12码 04,05,06,07,08,13,14,19,24,25,28,33
红球杀三码 03,17,27
红球龙头两码 04,05
红球凤尾两码 28,33
==================寻雾=================
红球独胆 11
蓝球定三码 01,08,12
红球杀六码 05,10,19,24,25,32
红球25码 01,02,03,04,06,07,08,09,11,12,13,14,16,17,18,20,21,23,26,27,28,29,30,31,33
蓝球杀五码 02,03,06,11,13
红球20码 02,03,04,07,08,09,11,12,13,16,18,20,21,23,26,27,28,29,30,33
红球双胆 07,11
红球三胆 07,11,16
蓝球定五码 01,04,07,08,12
红球12码 02,03,07,08,09,11,12,16,18,26,27,30
红球杀三码 05,10,19
红球龙头两码 02,03
红球凤尾两码 27,30
==================万神=================
红球独胆 26
蓝球定三码 08,11,12
红球杀六码 09,14,17,18,27,30
红球25码 01,02,03,04,05,06,07,08,10,11,12,13,15,16,19,20,21,22,23,24,25,26,31,32,33
蓝球杀五码 05,06,09,13,15
红球20码 01,02,03,04,05,06,07,10,11,12,15,16,19,20,23,24,25,26,31,33
红球双胆 03,26
红球三胆 03,25,26
蓝球定五码 01,08,11,12,14
红球12码 01,02,03,06,11,19,20,24,25,26,31,33
红球杀三码 14,17,30
红球龙头两码 01,02
红球凤尾两码 31,33
==================天之骄子=================
红球独胆 11
蓝球定三码 07,09,11
红球杀六码 05,09,19,20,26,28
红球25码 01,02,03,04,06,07,08,10,11,12,13,14,15,16,17,21,22,23,24,25,29,30,31,32,33
蓝球杀五码 01,05,08,10,14
红球20码 01,02,04,06,07,08,10,11,13,14,15,16,17,21,23,24,30,31,32,33
红球双胆 07,11
红球三胆 07,11,30
蓝球定五码 03,07,09,11,16
红球12码 07,08,10,11,13,15,16,17,21,23,30,31
红球杀三码 05,20,28
红球龙头两码 07,08
红球凤尾两码 30,31
==================蜗蜗牛=================
红球独胆 24
蓝球定三码 01,09,14
红球杀六码 08,12,22,25,26,29
红球25码 01,02,03,04,05,06,07,09,10,11,13,15,16,17,18,20,21,23,24,27,28,30,31,32,33
蓝球杀五码 03,05,07,10,15
红球20码 01,02,03,05,06,09,10,11,13,15,17,18,20,21,24,27,28,31,32,33
红球双胆 01,24
红球三胆 01,17,24
蓝球定五码 01,02,08,09,14
红球12码 01,02,09,10,11,15,17,18,24,27,28,33
红球杀三码 08,22,26
红球龙头两码 01,02
红球凤尾两码 28,33
==================助力=================
红球独胆 01
蓝球定三码 15,16,04
红球杀六码 28,12,29,19,11,27
红球25码 01,15,09,32,24,23,33,25,26,21,08,18,07,14,22,04,02,06,10,13,16,17,20,03,30
蓝球杀五码 12,05,14,10,01
红球20码 01,15,09,32,24,23,33,25,26,21,08,18,07,14,22,04,02,06,10,13
红球双胆 01,15
红球三胆 01,15,09
蓝球定五码 15,16,04,02,06
红球12码 01,15,09,32,24,23,33,25,26,21,08,18
红球杀三码 28,12,29
红球龙头两码 01,08
红球凤尾两码 32,33
==================谁与争锋=================
红球独胆 16
蓝球定三码 05,10,16
红球杀六码 03,06,07,10,11,17
红球25码 02,04,05,08,09,12,13,14,15,16,18,19,20,21,22,23,24,25,27,28,29,30,31,32,33
蓝球杀五码 02,03,08,11,15
红球20码 02,04,05,08,09,12,13,15,16,19,20,21,22,24,27,28,29,30,31,33
红球双胆 09,16
红球三胆 09,16,30
蓝球定五码 01,04,05,10,16
红球12码 02,04,08,09,12,15,16,20,21,22,29,30
红球杀三码 03,07,17
红球龙头两码 02,04
红球凤尾两码 29,30
==================达达=================
红球独胆 09
蓝球定三码 12,13,14
红球杀六码 07,18
红球25码 01,02,03,04,05,08,09,11,13,14,15,16,17,19,22,23,24,25,28,31,33
蓝球杀五码 04,05,06,07,08
红球20码 01,02,03,04,08,09,11,13,15,16,17,19,23,24,25,28,33
红球双胆 09,16
红球三胆 09,16,25
蓝球定五码 11,12,13,14,15
红球12码 02,04,09,11,16,17,23,24,25,28,33
红球杀三码 07,18
红球龙头两码 04,11
红球凤尾两码 24,28
==================孤雁看胆=================
红球独胆 05
蓝球定三码 03,11,14
红球杀六码 01,03,06,10,12,27
红球25码 02,05,07,08,09,11,13,14,15,16,17,18,19,20,21,22,23,24,25,26,28,29,31,32,33
蓝球杀五码 06,07,08,12,13
红球20码 02,05,07,08,13,14,15,16,17,18,19,20,21,23,24,26,28,31,32,33
红球双胆 05,08
红球三胆 05,08,18
蓝球定五码 03,10,11,14,16
红球12码 02,05,07,08,14,15,17,18,24,31,32,33
红球杀三码 01,10,27
红球龙头两码 02,05
红球凤尾两码 32,33
