==================格兰雄狮=================
红球独胆 07
蓝球定三码 02,05,09
红球杀六码 13,17,18,27,28,31
红球25码 01,02,03,04,05,06,07,08,09,10,11,12,14,15,16,19,20,21,22,23,25,26,29,30,32
蓝球杀五码 06,07,08,10,15
红球20码 01,02,04,05,06,07,08,09,10,14,16,19,20,21,22,23,25,29,30,32
红球双胆 07,16
红球三胆 07,16,20
蓝球定五码 02,03,04,05,09
红球12码 01,02,05,06,07,14,16,19,20,29,30,32
红球杀三码 13,27,28
红球龙头两码 01,02
红球凤尾两码 30,32
==================西龙=================
红球独胆 29
蓝球定三码 01,03,14
红球杀六码 03,06,20,26,27,30
红球25码 01,02,04,05,07,08,09,10,11,12,13,14,16,17,18,19,21,22,23,24,25,28,29,31,33
蓝球杀五码 05,08,11,15,16
红球20码 01,02,04,05,07,09,10,13,16,18,19,21,22,23,24,25,28,29,31,33
红球双胆 25,29
红球三胆 10,25,29
蓝球定五码 01,03,06,12,14
红球12码 04,05,07,10,13,18,19,22,23,24,25,29
红球杀三码 20,26,27
红球龙头两码 04,05
红球凤尾两码 25,29
==================飞花潇雪=================
红球独胆 16
蓝球定三码 09,12,15
红球杀六码 01,03,10,17,18,26
红球25码 04,05,08,09,12,15,16,19,20,21,22,23,24,25,27,28,29,30,31,32
蓝球杀五码 08
红球20码 05,08,09,15,16,19,20,22,23,24,25,27,28,29,30,31,32
红球双胆 16
红球三胆 16,28
蓝球定五码 03,09,12,15,16
红球12码 08,09,15,16,19,20,22,25,28,29,31
红球杀三码 01,10,26
红球龙头两码 07,08
红球凤尾两码 28,29
==================清风雪舞=================
红球独胆 18
蓝球定三码 02,09,10
红球杀六码 06,07,16,28,29,31
红球25码 01,02,03,04,05,08,09,10,11,12,13,14,15,17,18,19,21,22,23,24,25,26,27,32,33
蓝球杀五码 03,04,13,15,16
红球20码 01,02,04,05,08,10,11,12,13,14,15,18,19,22,23,24,25,26,27,32
红球双胆 11,18
红球三胆 11,12,18
蓝球定五码 01,02,09,10,11
红球12码 10,11,12,15,18,19,22,23,24,25,26,27
红球杀三码 16,28,31
红球龙头两码 10,11
红球凤尾两码 26,27
==================西川达子=================
红球独胆 20
蓝球定三码 05,10,16
红球杀六码 10,13,18,19,26,27
红球25码 01,02,03,04,05,06,07,08,09,11,12,14,15,16,17,20,21,22,23,25,28,30,31,32,33
蓝球杀五码 01,04,06,12,14
红球20码 01,02,04,05,06,08,09,12,14,15,16,17,20,21,22,23,25,28,30,33
红球双胆 20,25
红球三胆 20,25,28
蓝球定五码 05,10,13,15,16
红球12码 04,08,09,12,15,20,21,22,23,25,28,30
红球杀三码 19,26,27
红球龙头两码 04,08
红球凤尾两码 28,30
==================薄彩在身=================
红球独胆 16
蓝球定三码 05,06,07
红球杀六码 01,08,11,23,27,33
红球25码 03,04,05,06,07,09,12,13,14,15,16,17,18,19,20,21,22,24,25,26,28,29,30,31,32
蓝球杀五码 02,04,10,11,15
红球20码 03,04,05,06,07,09,12,14,15,16,17,18,20,21,22,24,28,29,31,32
红球双胆 16,21
红球三胆 04,16,21
蓝球定五码 03,05,06,07,08
红球12码 04,05,07,12,16,17,18,20,21,24,28,29
红球杀三码 01,27,33
红球龙头两码 04,05
红球凤尾两码 28,29
==================百事大吉=================
红球独胆 03
蓝球定三码 05,06,11
红球杀六码 04,07,11,21,25,28
红球25码 01,02,03,05,06,08,09,10,12,13,14,16,17,18,19,20,23,24,26,27,29,30,31,32,33
蓝球杀五码 03,07,09,12,16
红球20码 01,02,03,06,08,10,12,13,14,17,18,19,20,23,24,26,27,29,30,31
红球双胆 03,12
红球三胆 03,12,23
蓝球定五码 01,04,05,06,11
红球12码 03,10,12,13,14,17,18,20,23,24,26,30
红球杀三码 04,11,28
红球龙头两码 03,10
红球凤尾两码 26,30
==================连连碰=================
红球独胆 15
蓝球定三码 02,12,16
红球杀六码 05,06,14,21,23,32
红球25码 01,02,03,07,08,10,11,12,13,15,16,17,18,19,20,22,24,25,26,27,28,29,30,31,33
蓝球杀五码 04,06,07,08,15
红球20码 01,03,07,10,11,12,13,15,16,18,20,22,24,26,27,28,29,30,31,33
红球双胆 12,15
红球三胆 12,15,18
蓝球定五码 02,03,12,13,16
红球12码 01,10,11,12,15,16,18,22,27,28,30,33
红球杀三码 14,23,32
红球龙头两码 01,10
红球凤尾两码 30,33
==================狐王=================
红球独胆 27
蓝球定三码 07,08,09
红球杀六码 02,04,09,17,30,32
红球25码 01,03,05,06,07,08,10,11,12,13,14,15,18,19,20,21,22,23,24,25,27,28,29,31,33
蓝球杀五码 01,03,04,11,16
红球20码 01,03,05,06,07,08,10,12,13,14,15,18,19,21,24,25,27,28,29,33
红球双胆 19,27
红球三胆 19,21,27
蓝球定五码 06,07,08,09,15
红球12码 03,10,13,15,18,19,21,24,25,27,28,29
红球杀三码 02,04,17
红球龙头两码 03,10
红球凤尾两码 28,29
==================幽冉=================
红球独胆 06
蓝球定三码 03,05,14
红球杀六码 05,11,16,18,22,29
红球25码 01,02,03,04,06,07,08,09,10,12,14,15,17,19,20,21,23,24,25,26,27,28,30,32,33
蓝球杀五码 06,09,10,11,12
红球20码 02,03,04,06,07,09,10,12,14,15,17,19,21,23,26,27,28,30,32,33
红球双胆 06,17
红球三胆 06,17,21
蓝球定五码 01,03,05,14,16
红球12码 02,03,06,09,10,15,17,19,21,23,26,30
红球杀三码 16,18,22
红球龙头两码 02,03
红球凤尾两码 26,30
==================真心相待=================
红球独胆 33
蓝球定三码 03,06,15
红球杀六码 02,03,05,10,20,30
红球25码 01,04,06,07,08,09,12,13,14,15,16,17,18,19,21,22,23,24,25,26,28,29,31,32,33
蓝球杀五码 04,05,07,11,16
红球20码 01,04,06,07,08,09,12,14,17,19,21,22,23,24,25,26,28,29,31,33
红球双胆 07,33
红球三胆 07,17,33
蓝球定五码 01,02,03,06,15
红球12码 04,07,08,09,12,17,23,24,25,26,31,33
红球杀三码 02,20,30
红球龙头两码 04,07
红球凤尾两码 31,33
==================暗渡陈仓=================
红球独胆 12
蓝球定三码 03,06,14
红球杀六码 02,05,10,13,26,29
红球25码 01,03,04,06,07,08,09,11,12,14,15,16,17,18,19,21,23,24,25,27,28,30,31,32,33
蓝球杀五码 02,05,08,11,15
红球20码 03,04,07,09,11,12,14,15,16,17,18,19,21,23,24,25,27,28,30,33
红球双胆 03,12
红球三胆 03,12,23
蓝球定五码 03,06,10,13,14
红球12码 03,09,11,12,14,15,16,21,23,24,28,30
红球杀三码 02,10,26
红球龙头两码 03,09
红球凤尾两码 28,30
==================四通八达=================
红球独胆 28
蓝球定三码 08,10,13
红球杀六码 03,09,18,23,26,32
红球25码 01,04,05,06,07,08,10,11,12,13,14,15,16,17,19,20,21,22,24,25,28,29,30,31,33
蓝球杀五码 03,04,06,07,12
红球20码 01,04,05,07,08,11,13,15,16,17,19,21,22,24,25,28,29,30,31,33
红球双胆 25,28
红球三胆 25,28,33
蓝球定五码 08,10,13,14,15
红球12码 08,15,16,19,21,22,24,25,28,30,31,33
红球杀三码 03,18,32
红球龙头两码 08,15
红球凤尾两码 31,33
==================东方卫视=================
红球独胆 32
蓝球定三码 02,07,08
红球杀六码 08,10,20,24,26,27
红球25码 01,02,03,04,05,06,07,09,11,12,13,14,15,16,17,19,21,22,23,25,29,30,31,32,33
蓝球杀五码 01,04,05,06,15
红球20码 01,02,03,05,09,12,13,14,15,16,17,19,21,22,23,25,29,30,32,33
红球双胆 13,32
红球三胆 13,22,32
蓝球定五码 02,03,07,08,14
红球12码 01,02,03,05,13,16,17,19,21,22,30,32
红球杀三码 24,26,27
红球龙头两码 01,02
红球凤尾两码 30,32
==================完美运程=================
红球独胆 04
蓝球定三码 06,08,10
红球杀六码 03,10,15,16,18,33
红球25码 02,04,05,06,07,08,09,11,12,13,14,17,19,20,21,23,24,25,26,27,28,29,30,31,32
蓝球杀五码 01,03,07,12,14
红球20码 02,04,06,07,09,11,13,17,19,20,21,23,24,25,27,28,29,30,31,32
红球双胆 04,24
红球三胆 02,04,24
蓝球定五码 04,06,08,10,15
红球12码 02,04,07,09,19,20,21,24,28,29,30,32
红球杀三码 10,18,33
红球龙头两码 02,04
红球凤尾两码 30,32
==================脱口秀=================
红球独胆 30
蓝球定三码 06,09,11
红球杀六码 01,04,06,21,22,31
红球25码 02,03,05,07,08,09,10,11,12,13,14,16,17,18,19,20,23,24,25,26,27,28,29,30,32
蓝球杀五码 03,05,10,13,16
红球20码 02,07,08,09,10,11,12,13,16,17,18,20,23,24,25,26,27,28,29,30
红球双胆 20,30
红球三胆 17,20,30
蓝球定五码 04,06,08,09,11
红球12码 08,09,11,12,13,17,20,25,26,28,29,30
红球杀三码 01,04,06
红球龙头两码 08,09
红球凤尾两码 29,30
==================第二神=================
红球独胆 27
蓝球定三码 06,07,08
红球杀六码 01,09,17,19,20,24
红球25码 02,03,04,05,06,07,08,10,11,12,14,16,18,21,22,23,25,26,27,28,29,30,31,32,33
蓝球杀五码 02,04,05,10,16
红球20码 02,03,05,06,07,10,11,12,14,18,21,22,23,25,26,27,28,30,32,33
红球双胆 27,30
红球三胆 21,27,30
蓝球定五码 06,07,08,12,13
红球12码 03,05,06,14,21,22,23,26,27,30,32,33
红球杀三码 01,17,24
红球龙头两码 03,05
红球凤尾两码 32,33
==================法神=================
红球独胆 31
蓝球定三码 09,13,15
红球杀六码 07,09,12,17,25,30
红球25码 01,02,03,04,05,06,08,10,11,13,14,15,16,18,19,20,21,23,26,27,28,29,31,32,33
蓝球杀五码 02,10,11,12,16
红球20码 01,02,04,05,06,10,11,13,14,18,20,21,23,26,27,28,29,31,32,33
红球双胆 14,31
红球三胆 14,29,31
蓝球定五码 01,04,09,13,15
红球12码 02,04,10,11,13,14,20,21,28,29,31,33
红球杀三码 07,09,30
红球龙头两码 02,04
红球凤尾两码 31,33
==================惊天危机=================
红球独胆 08
蓝球定三码 06,10,11
红球杀六码 14,20,22,23,27,29
红球25码 01,02,03,04,05,06,07,08,09,10,12,13,15,17,18,19,21,24,25,26,28,30,31,32,33
蓝球杀五码 07,09,13,14,16
红球20码 02,03,04,05,06,07,08,09,10,12,15,18,19,21,24,25,26,30,31,33
红球双胆 08,21
红球三胆 08,21,31
蓝球定五码 03,06,08,10,11
红球12码 02,05,08,10,15,18,21,24,25,30,31,33
红球杀三码 14,20,23
红球龙头两码 02,05
红球凤尾两码 31,33
==================小糖人=================
红球独胆 17
蓝球定三码 10,13,16
红球杀六码 01,02,06,22,30,33
红球25码 03,04,05,07,08,09,10,11,12,13,14,15,16,17,18,19,20,21,23,24,26,28,29,31,32
蓝球杀五码 02,07,09,14,15
红球20码 04,05,07,08,09,10,11,12,13,14,16,17,18,19,20,21,23,26,29,32
红球双胆 10,17
红球三胆 09,10,17
蓝球定五码 04,10,12,13,16
红球12码 04,05,07,09,10,11,16,17,18,19,21,29
红球杀三码 06,22,30
红球龙头两码 04,05
红球凤尾两码 21,29
==================百炼成钢=================
红球独胆 23
蓝球定三码 03,07,11
红球杀六码 01,06,09,15,28,33
红球25码 02,03,04,05,07,10,11,12,13,14,16,18,19,20,21,22,23,24,25,26,27,29,30,31,32
蓝球杀五码 01,04,09,12,13
红球20码 02,03,04,05,07,10,11,12,13,14,16,19,20,22,23,24,25,27,29,31
红球双胆 23,24
红球三胆 23,24,29
蓝球定五码 03,07,10,11,16
红球12码 02,03,05,07,10,11,22,23,24,27,29,31
红球杀三码 01,06,33
红球龙头两码 02,03
红球凤尾两码 29,31
==================演绎人生=================
红球独胆 30
蓝球定三码 06,07,09
红球杀六码 08,11,18,26,28,29
红球25码 01,02,03,04,05,06,07,09,10,12,13,14,16,17,19,20,21,22,24,25,27,30,31,32,33
蓝球杀五码 02,05,11,13,14
红球20码 01,02,03,04,05,06,09,10,12,13,14,19,20,21,22,25,27,30,32,33
红球双胆 30,33
红球三胆 27,30,33
蓝球定五码 01,06,07,08,09
红球12码 04,09,10,13,14,20,21,22,25,27,30,33
红球杀三码 08,11,29
红球龙头两码 04,09
红球凤尾两码 30,33
==================军师吴用=================
红球独胆 07
蓝球定三码 02,12,15
红球杀六码 16,23,26,30,31,32
红球25码 02,03,04,05,07,08,09,10,11,12,13,14,15,17,18,19,20,21,22,24,25,27,28,29,33
蓝球杀五码 01,03,04,05,16
红球20码 02,03,05,07,08,10,11,12,13,15,17,18,19,20,21,22,24,27,28,33
红球双胆 05,07
红球三胆 05,07,19
蓝球定五码 02,11,12,13,15
红球12码 05,07,08,10,11,12,18,19,21,24,28,33
红球杀三码 30,31,32
红球龙头两码 05,07
红球凤尾两码 28,33
==================潮人=================
红球独胆 29
蓝球定三码 02,09,10
红球杀六码 01,02,06,08,14,16
红球25码 03,04,05,07,10,11,12,13,15,17,18,19,20,21,22,23,24,25,26,28,29,30,31,32,33
蓝球杀五码 01,08,12,13,15
红球20码 04,05,07,10,11,12,17,18,19,20,22,24,25,26,28,29,30,31,32,33
红球双胆 12,29
红球三胆 07,12,29
蓝球定五码 02,05,06,09,10
红球12码 04,07,10,11,12,18,20,26,29,30,31,33
红球杀三码 01,08,14
红球龙头两码 04,07
红球凤尾两码 31,33
==================称心码=================
红球独胆 18
蓝球定三码 14,15,16
红球杀六码 01,05,09,17,22,30
红球25码 02,03,06,07,08,10,11,12,13,14,15,16,18,19,21,23,24,25,26,27,28,29,31,32,33
蓝球杀五码 01,02,07,12,13
红球20码 02,03,07,08,10,11,15,16,18,19,21,24,25,26,27,28,29,31,32,33
红球双胆 18,24
红球三胆 18,24,29
蓝球定五码 06,11,14,15,16
红球12码 02,03,08,11,15,18,21,24,26,27,29,32
红球杀三码 01,09,22
红球龙头两码 02,03
红球凤尾两码 29,32
==================万神=================
红球独胆 33
蓝球定三码 02,08,16
红球杀六码 05,06,07,09,24,31
红球25码 01,02,03,04,08,10,12,13,14,15,16,17,18,19,20,21,22,23,25,26,27,28,30,32,33
蓝球杀五码 01,03,04,12,15
红球20码 01,02,04,10,12,13,14,15,16,17,19,21,22,23,25,26,27,30,32,33
红球双胆 22,33
红球三胆 22,32,33
蓝球定五码 02,05,07,08,16
红球12码 02,04,12,13,15,22,23,25,27,30,32,33
红球杀三码 06,07,31
红球龙头两码 02,04
红球凤尾两码 32,33
==================莫天命=================
红球独胆 22
蓝球定三码 03,06,16
红球杀六码 02,08,09,26,29,33
红球25码 01,03,04,05,06,07,10,11,13,14,15,16,17,18,19,20,21,22,23,24,25,28,30,31,32
蓝球杀五码 02,05,08,13,15
红球20码 01,03,04,05,06,07,10,11,13,14,16,18,21,22,23,24,25,28,30,31
红球双胆 22,23
红球三胆 16,22,23
蓝球定五码 03,06,11,14,16
红球12码 01,04,05,06,13,16,18,22,23,28,30,31
红球杀三码 08,26,29
红球龙头两码 01,04
红球凤尾两码 30,31
==================西坝=================
红球独胆 29
蓝球定三码 02,05,16
红球杀六码 13,19,23,24,25,26
红球25码 01,02,03,04,05,06,07,09,10,11,14,15,16,17,18,20,21,22,27,28,29,30,31,32,33
蓝球杀五码 06,07,08,11,12
红球20码 01,02,03,04,05,06,09,11,16,18,20,21,22,27,28,29,30,31,32,33
红球双胆 16,29
红球三胆 04,16,29
蓝球定五码 02,04,05,10,16
红球12码 01,03,04,09,16,21,22,27,29,30,32,33
红球杀三码 13,23,25
红球龙头两码 01,03
红球凤尾两码 32,33
==================丹姿=================
红球独胆 10
蓝球定三码 01,08,12
红球杀六码 02,09,16,24,29,33
红球25码 01,03,04,05,06,07,08,10,11,12,13,14,15,17,18,19,21,22,23,25,27,28,30,31,32
蓝球杀五码 04,06,09,13,16
红球20码 01,03,05,07,08,10,11,13,14,15,17,18,19,21,22,23,25,27,28,31
红球双胆 08,10
红球三胆 08,10,23
蓝球定五码 01,02,03,08,12
红球12码 07,08,10,15,19,21,22,23,25,27,28,31
红球杀三码 09,29,33
红球龙头两码 07,08
红球凤尾两码 28,31
==================火力全开=================
红球独胆 20
蓝球定三码 04,09,16
红球杀六码 10,12,13,14,24,28
红球25码 01,02,03,04,05,06,07,08,09,11,15,16,18,19,20,21,22,23,25,26,27,29,30,31,33
蓝球杀五码 02,05,06,07,14
红球20码 01,02,04,06,09,11,15,16,18,19,20,21,22,23,25,26,29,30,31,33
红球双胆 11,20
红球三胆 09,11,20
蓝球定五码 01,04,09,11,16
红球12码 01,04,06,09,11,18,20,21,23,25,26,33
红球杀三码 10,13,14
红球龙头两码 01,04
红球凤尾两码 26,33
==================寻雾=================
红球独胆 31
蓝球定三码 02,07,09
红球杀六码 04,05,10,16,22,28
红球25码 01,02,03,06,07,08,09,11,12,13,14,15,17,18,19,20,21,24,25,26,27,29,30,31,32
蓝球杀五码 03,04,06,14,16
红球20码 02,03,06,07,08,09,11,12,14,15,18,19,20,21,24,26,27,29,31,32
红球双胆 09,31
红球三胆 09,24,31
蓝球定五码 02,07,08,09,10
红球12码 02,07,09,12,14,15,18,19,20,24,29,31
红球杀三码 05,16,28
红球龙头两码 02,07
红球凤尾两码 29,31
==================天宇=================
红球独胆 06
蓝球定三码 05,09,16
红球杀六码 10,12,22,24,26,29
红球25码 01,02,03,04,05,06,07,08,09,11,13,14,15,16,17,18,19,20,23,25,27,28,30,32,33
蓝球杀五码 04,07,08,10,12
红球20码 01,02,03,04,05,06,07,08,09,11,14,15,16,17,18,19,23,25,27,30
红球双胆 06,23
红球三胆 04,06,23
蓝球定五码 01,05,09,15,16
红球12码 02,04,06,08,09,11,14,15,19,23,27,30
红球杀三码 10,22,29
红球龙头两码 02,04
红球凤尾两码 27,30
==================彩天地=================
红球独胆 08
蓝球定三码 05,07,16
红球杀六码 03,14,18,21,28,30
红球25码 01,02,04,06,07,08,09,10,11,12,13,15,16,19,20,22,23,24,25,26,27,29,31,32,33
蓝球杀五码 01,03,04,11,14
红球20码 02,04,06,08,11,12,13,15,16,19,20,22,23,24,25,26,27,29,32,33
红球双胆 08,22
红球三胆 08,22,27
蓝球定五码 05,07,13,15,16
红球12码 08,11,16,19,20,22,25,26,27,29,32,33
红球杀三码 03,18,30
红球龙头两码 08,11
红球凤尾两码 32,33
==================双色球达人=================
红球独胆 10
蓝球定三码 02,09,11
红球杀六码 07,09,11,17,27,31
红球25码 01,02,03,04,05,06,08,10,12,13,14,15,16,18,19,20,21,22,24,25,28,29,30,32,33
蓝球杀五码 03,06,07,08,12
红球20码 03,04,05,06,08,10,12,13,14,15,16,18,19,20,21,24,28,29,30,33
红球双胆 10,20
红球三胆 10,20,33
蓝球定五码 02,09,10,11,15
红球12码 04,06,08,10,13,14,16,19,20,21,24,33
红球杀三码 17,27,31
红球龙头两码 04,06
红球凤尾两码 24,33
==================小仙女=================
红球独胆 13
蓝球定三码 02,03,04
红球杀六码 01,02,06,19,26,27
红球25码 03,04,05,07,08,10,11,12,13,14,15,16,17,18,20,21,22,23,25,28,29,30,31,32,33
蓝球杀五码 09,10,12,13,14
红球20码 04,05,07,08,10,11,13,14,15,16,17,20,21,22,23,25,28,29,31,32
红球双胆 10,13
红球三胆 10,13,14
蓝球定五码 02,03,04,11,16
红球12码 04,05,08,10,13,14,16,17,21,22,29,31
红球杀三码 06,26,27
红球龙头两码 04,05
红球凤尾两码 29,31
==================小豆豆=================
红球独胆 11
蓝球定三码 01,13,14
红球杀六码 05,08,18,24,27,31
红球25码 01,03,04,06,07,09,10,11,12,13,14,15,16,17,19,20,21,22,23,25,26,28,29,30,32
蓝球杀五码 02,04,05,12,15
红球20码 01,03,04,06,09,11,14,15,16,17,19,21,22,23,25,26,28,29,30,32
红球双胆 11,25
红球三胆 11,25,30
蓝球定五码 01,03,09,13,14
红球12码 06,11,14,15,16,17,19,21,23,25,29,30
红球杀三码 08,18,27
红球龙头两码 06,11
红球凤尾两码 29,30
==================李寒=================
红球独胆 03
蓝球定三码 01,10,12
红球杀六码 09,16,22,26,32,33
红球25码 01,03,04,05,06,07,08,10,11,12,13,14,17,18,19,20,21,23,24,25,27,28,29,30,31
蓝球杀五码 02,03,09,15,16
红球20码 03,05,06,07,08,10,11,13,14,17,18,19,21,23,24,27,28,29,30,31
红球双胆 03,07
红球三胆 03,07,19
蓝球定五码 01,07,08,10,12
红球12码 03,05,07,08,10,11,14,17,19,28,29,31
红球杀三码 09,26,32
红球龙头两码 03,05
红球凤尾两码 29,31
==================痛并快乐=================
红球独胆 29
蓝球定三码 02,09,16
红球杀六码 03,16,18,25,26,33
红球25码 01,02,05,06,07,08,09,11,12,13,14,15,17,19,20,21,22,23,24,27,28,29,30,31,32
蓝球杀五码 03,07,08,11,12
红球20码 01,02,05,06,08,11,12,13,14,15,17,20,22,23,27,28,29,30,31,32
红球双胆 29,32
红球三胆 28,29,32
蓝球定五码 02,09,14,15,16
红球12码 01,02,14,15,17,20,22,23,28,29,31,32
红球杀三码 03,18,33
红球龙头两码 01,02
红球凤尾两码 31,32
==================维迪尔=================
红球独胆 31
蓝球定三码 01,05,06
红球杀六码 02,08,12,26,29,32
红球25码 03,04,05,06,07,09,11,13,14,15,16,17,18,19,20,21,22,23,24,25,27,28,30,31,33
蓝球杀五码 08,10,11,14,15
红球20码 03,04,05,07,09,11,14,15,16,17,18,19,21,22,25,27,28,30,31,33
红球双胆 25,31
红球三胆 05,25,31
蓝球定五码 01,03,05,06,09
红球12码 05,09,15,16,17,18,19,21,25,27,31,33
红球杀三码 02,26,32
红球龙头两码 05,09
红球凤尾两码 31,33
==================巫妖=================
红球独胆 05
蓝球定三码 05,11,15
红球杀六码 02,04,06,07,09,10
红球25码 03,05,08,11,12,13,14,15,16,17,18,19,20,21,23,24,25,26,27,28,29,30,31,32,33
蓝球杀五码 01,02,06,08,09
红球20码 03,05,08,11,14,16,17,18,19,20,21,23,24,25,26,28,29,30,31,32
红球双胆 05,11
红球三胆 05,11,28
蓝球定五码 04,05,11,14,15
红球12码 03,05,08,11,14,16,18,19,21,24,28,31
红球杀三码 04,07,09
红球龙头两码 03,05
红球凤尾两码 28,31
==================忘忧草=================
红球独胆 24
蓝球定三码 01,06,12
红球杀六码 11,14,21,23,26,30
红球25码 01,02,03,04,05,06,07,09,10,12,13,15,16,17,18,19,20,22,24,25,27,29,31,32,33
蓝球杀五码 02,04,07,10,16
红球20码 01,02,04,05,06,07,09,10,15,16,17,18,19,20,22,24,27,31,32,33
红球双胆 18,24
红球三胆 07,18,24
蓝球定五码 01,06,08,12,15
红球12码 01,02,04,06,07,10,15,16,18,22,24,27
红球杀三码 14,21,23
红球龙头两码 01,02
红球凤尾两码 24,27
==================蜗蜗牛=================
红球独胆 04
蓝球定三码 09,13,16
红球杀六码 01,03,06,15,21,29
红球25码 02,04,05,07,08,09,10,11,12,13,14,16,17,18,19,22,24,25,26,27,28,30,31,32,33
蓝球杀五码 02,05,07,11,15
红球20码 02,04,05,07,08,10,11,12,13,14,16,17,18,19,22,25,26,27,31,33
红球双胆 04,16
红球三胆 04,16,26
蓝球定五码 04,09,13,14,16
红球12码 02,04,07,12,16,17,18,19,25,26,27,33
红球杀三码 03,06,15
红球龙头两码 02,04
红球凤尾两码 27,33
==================助力=================
红球独胆 02
蓝球定三码 11,08,12
红球杀六码 14,31,07,09,33,06
红球25码 02,12,15,17,32,01,20,30,03,05,10,16,21,25,24,13,27,28,19,26,23,29,11,04,08
蓝球杀五码 14,10,16,04,03
红球20码 02,12,15,17,32,01,20,30,03,05,10,16,21,25,24,13,27,28,19,26
红球双胆 02,12
红球三胆 02,12,15
蓝球定五码 11,08,12,06,15
红球12码 02,12,15,17,32,01,20,30,03,05,10,16
红球杀三码 14,31,07
红球龙头两码 01,02
红球凤尾两码 30,32
==================谁与争锋=================
红球独胆 20
蓝球定三码 06,14,15
红球杀六码 06,08,14,18,19,24
红球25码 01,02,03,04,07,09,10,11,12,13,16,17,20,21,22,23,25,26,27,28,29,30,31,32,33
蓝球杀五码 08,09,11,12,13
红球20码 01,02,03,07,09,10,16,17,20,21,22,23,25,26,27,28,29,30,31,33
红球双胆 20,21
红球三胆 02,20,21
蓝球定五码 04,06,10,14,15
红球12码 02,03,07,09,17,20,21,22,23,27,29,30
红球杀三码 06,08,19
红球龙头两码 02,03
红球凤尾两码 29,30
==================天之骄子=================
红球独胆 27
蓝球定三码 01,07,14
红球杀六码 03,08,10,11,19,21
红球25码 01,04,05,06,07,09,12,13,14,15,16,17,18,20,22,23,24,25,26,27,28,29,30,32,33
蓝球杀五码 02,04,10,11,16
红球20码 01,05,06,07,09,12,13,14,15,17,22,24,25,26,27,28,29,30,32,33
红球双胆 26,27
红球三胆 25,26,27
蓝球定五码 01,06,07,08,14
红球12码 01,05,06,07,14,17,22,24,25,26,27,28
红球杀三码 03,11,21
红球龙头两码 01,05
红球凤尾两码 27,28
==================达达=================
红球独胆 08
蓝球定三码 07,08,09
红球杀六码 09,11,19,21,26,31
红球25码 01,02,03,04,05,07,08,10,12,13,14,15,16,17,18,20,22,23,24,25,27,28,29,30,33
蓝球杀五码 15,16,01,02,03
红球20码 01,02,03,05,07,08,10,12,14,15,16,17,18,22,23,24,25,28,29,33
红球双胆 08,15
红球三胆 08,15,25
蓝球定五码 06,07,08,09,10
红球12码 01,03,08,12,15,16,17,22,24,25,28,29
红球杀三码 09,11,19
红球龙头两码 03,12
红球凤尾两码 25,28
==================孤雁看胆=================
红球独胆 16
蓝球定三码 04,13,14
红球杀六码 05,06,19,23,25,32
红球25码 01,02,03,04,07,08,09,10,11,12,13,14,15,16,17,18,20,21,22,26,27,28,29,30,31
蓝球杀五码 03,10,11,12,16
红球20码 01,02,03,04,07,08,09,10,12,13,14,15,16,18,20,22,28,29,30,31
红球双胆 16,22
红球三胆 16,22,30
蓝球定五码 04,08,09,13,14
红球12码 03,07,08,10,15,16,18,20,22,28,30,31
红球杀三码 05,06,19
红球龙头两码 03,07
红球凤尾两码 30,31
