==================狐王=================
红球独胆 24
蓝球定三码 02,06,09
红球杀六码 08,09,14,19,26,30
红球25码 01,02,03,04,05,06,07,10,11,12,13,15,16,17,18,20,22,23,24,25,27,28,29,31,33
蓝球杀五码 01,08,10,13,16
红球20码 01,02,03,06,07,10,11,13,15,16,17,18,22,23,24,25,28,29,31,33
红球双胆 24,31
红球三胆 24,25,31
蓝球定五码 02,04,06,09,15
红球12码 01,03,06,07,15,16,18,24,25,28,31,33
红球杀三码 14,19,26
红球龙头两码 01,03
红球凤尾两码 31,33
==================小豆豆=================
红球独胆 02
蓝球定三码 04,11,15
红球杀六码 04,05,06,09,11,15
红球25码 01,02,03,07,08,10,13,14,16,17,18,19,20,21,22,23,24,26,27,28,29,30,31,32,33
蓝球杀五码 06,07,08,10,16
红球20码 01,02,03,07,08,14,16,17,18,19,20,23,24,26,27,28,29,30,31,33
红球双胆 02,17
红球三胆 02,16,17
蓝球定五码 04,11,13,14,15
红球12码 02,03,07,16,17,19,23,24,26,29,31,33
红球杀三码 04,06,15
红球龙头两码 02,03
红球凤尾两码 31,33
==================连连碰=================
红球独胆 24
蓝球定三码 03,06,12
红球杀六码 09,15,18,20,30,33
红球25码 01,02,03,04,05,06,07,08,10,11,12,13,14,16,17,19,21,22,23,24,25,26,27,28,29
蓝球杀五码 05,08,09,10,14
红球20码 01,02,04,06,08,10,11,12,13,16,17,21,22,23,24,25,26,27,28,29
红球双胆 24,28
红球三胆 11,24,28
蓝球定五码 03,06,12,13,16
红球12码 01,04,06,11,12,13,17,21,24,25,27,28
红球杀三码 15,18,20
红球龙头两码 01,04
红球凤尾两码 27,28
==================完美运程=================
红球独胆 17
蓝球定三码 02,06,14
红球杀六码 03,10,14,20,25,26
红球25码 01,02,04,05,06,07,08,09,11,13,15,16,17,18,19,21,22,23,24,27,28,29,30,32,33
蓝球杀五码 01,05,09,10,12
红球20码 01,04,05,07,08,11,13,15,16,17,18,19,21,22,24,28,29,30,32,33
红球双胆 15,17
红球三胆 08,15,17
蓝球定五码 02,03,06,11,14
红球12码 01,05,07,08,13,15,16,17,18,22,24,30
红球杀三码 03,10,14
红球龙头两码 01,05
红球凤尾两码 24,30
==================军师吴用=================
红球独胆 25
蓝球定三码 01,04,05
红球杀六码 02,03,07,21,27,32
红球25码 04,05,06,08,09,10,11,13,14,15,16,17,18,19,20,22,23,24,25,26,28,29,30,31,33
蓝球杀五码 03,10,12,15,16
红球20码 04,05,08,09,10,11,13,14,15,16,17,18,19,22,23,24,25,26,29,33
红球双胆 16,25
红球三胆 14,16,25
蓝球定五码 01,04,05,06,11
红球12码 04,05,10,13,14,15,16,22,24,25,26,29
红球杀三码 02,03,32
红球龙头两码 04,05
红球凤尾两码 26,29
==================脱口秀=================
红球独胆 17
蓝球定三码 10,11,15
红球杀六码 05,15,21,25,27,28
红球25码 01,02,03,04,06,07,08,09,11,12,13,14,16,17,18,19,20,22,23,26,29,30,31,32,33
蓝球杀五码 01,04,06,08,14
红球20码 01,02,04,06,07,08,09,11,12,13,16,17,18,19,20,22,23,30,31,33
红球双胆 17,33
红球三胆 11,17,33
蓝球定五码 07,10,11,12,15
红球12码 06,07,08,09,11,12,13,17,20,30,31,33
红球杀三码 15,25,28
红球龙头两码 06,07
红球凤尾两码 31,33
==================蜗蜗牛=================
红球独胆 32
蓝球定三码 04,05,14
红球杀六码 05,14,16,22,27,31
红球25码 01,02,03,04,06,07,08,09,10,11,12,13,15,17,18,19,20,23,24,25,26,28,29,30,32
蓝球杀五码 01,03,09,11,13
红球20码 01,02,03,07,08,09,10,11,13,15,17,18,23,24,25,26,28,29,30,32
红球双胆 17,32
红球三胆 17,18,32
蓝球定五码 04,05,08,10,14
红球12码 01,02,08,09,10,13,15,17,18,25,30,32
红球杀三码 14,16,31
红球龙头两码 01,02
红球凤尾两码 30,32
==================李寒=================
红球独胆 30
蓝球定三码 09,12,16
红球杀六码 09,11,15,19,29,32
红球25码 01,02,03,05,07,08,10,12,13,14,16,17,18,20,21,22,23,24,25,26,27,28,30,31,33
蓝球杀五码 05,06,07,10,15
红球20码 01,02,03,05,08,10,12,13,14,16,18,20,21,22,23,24,26,27,28,30
红球双胆 18,30
红球三胆 18,23,30
蓝球定五码 03,08,09,12,16
红球12码 05,08,10,12,18,21,23,24,26,27,28,30
红球杀三码 09,11,19
红球龙头两码 05,08
红球凤尾两码 28,30
==================幽冉=================
红球独胆 07
蓝球定三码 03,07,13
红球杀六码 03,11,13,23,32,33
红球25码 01,02,04,05,06,07,08,10,12,14,15,16,17,18,19,20,21,24,25,26,27,28,29,30,31
蓝球杀五码 01,06,08,11,16
红球20码 02,04,05,06,07,08,10,12,14,15,16,17,18,21,25,26,27,28,30,31
红球双胆 07,10
红球三胆 06,07,10
蓝球定五码 03,07,09,12,13
红球12码 02,05,06,07,08,10,14,18,21,27,28,30
红球杀三码 03,23,33
红球龙头两码 02,05
红球凤尾两码 28,30
==================惊天危机=================
红球独胆 25
蓝球定三码 01,07,16
红球杀六码 02,05,12,23,27,30
红球25码 01,03,04,06,07,08,09,10,11,13,14,16,17,18,19,20,21,22,24,25,26,28,29,31,33
蓝球杀五码 03,04,06,08,13
红球20码 01,03,04,06,07,08,09,10,11,13,18,19,21,22,24,25,26,29,31,33
红球双胆 01,25
红球三胆 01,18,25
蓝球定五码 01,02,07,12,16
红球12码 01,03,06,07,08,09,11,18,21,24,25,33
红球杀三码 02,27,30
红球龙头两码 01,03
红球凤尾两码 25,33
==================格兰雄狮=================
红球独胆 26
蓝球定三码 09,15,16
红球杀六码 06,08,09,18,28,31
红球25码 01,02,03,04,05,07,10,11,12,13,14,15,16,19,20,21,22,23,25,26,27,29,30,32,33
蓝球杀五码 02,10,12,13,14
红球20码 01,02,03,04,05,11,12,13,14,15,16,19,20,21,23,25,26,29,30,33
红球双胆 15,26
红球三胆 01,15,26
蓝球定五码 05,09,11,15,16
红球12码 01,02,04,05,13,14,15,16,23,25,26,30
红球杀三码 08,09,28
红球龙头两码 01,02
红球凤尾两码 26,30
==================助力=================
红球独胆 26
蓝球定三码 07,03,01
红球杀六码 29,24,06,07,16,20
红球25码 26,27,11,14,19,09,30,08,02,17,28,15,04,12,21,25,32,18,05,03,13,23,33,01,22
蓝球杀五码 05,04,13,12,15
红球20码 26,27,11,14,19,09,30,08,02,17,28,15,04,12,21,25,32,18,05,03
红球双胆 26,27
红球三胆 26,27,11
蓝球定五码 07,03,01,09,16
红球12码 26,27,11,14,19,09,30,08,02,17,28,15
红球杀三码 29,24,06
红球龙头两码 02,08
红球凤尾两码 28,30
==================飞花潇雪=================
红球独胆 20
蓝球定三码 08,11
红球杀六码 15,17,18,22,27,28
红球25码 01,05,07,08,09,10,12,13,14,16,19,20,23,24,25,26,29,30,31
蓝球杀五码 03,06,07,09,15
红球20码 01,05,08,09,10,12,13,14,16,19,20,23,24,25,29,30
红球双胆 09,20
红球三胆 09,20
蓝球定五码 04,08,10,11
红球12码 01,05,09,10,16,19,20,25,30
红球杀三码 15,18,22
红球龙头两码 01,04
红球凤尾两码 30
==================暗渡陈仓=================
红球独胆 27
蓝球定三码 01,05,14
红球杀六码 02,12,15,17,19,22
红球25码 01,03,04,05,06,07,08,09,10,13,14,16,18,20,21,23,24,25,26,27,28,29,31,32,33
蓝球杀五码 02,04,06,08,15
红球20码 01,03,04,05,06,07,08,09,10,13,14,16,18,20,23,24,27,29,31,32
红球双胆 08,27
红球三胆 08,10,27
蓝球定五码 01,05,12,13,14
红球12码 04,05,08,09,10,13,14,18,20,27,29,32
红球杀三码 02,15,17
红球龙头两码 04,05
红球凤尾两码 29,32
==================万神=================
红球独胆 09
蓝球定三码 03,06,07
红球杀六码 03,14,15,16,23,28
红球25码 01,02,04,06,07,08,09,10,11,12,13,17,18,20,21,22,24,25,26,27,29,30,31,32,33
蓝球杀五码 05,08,09,15,16
红球20码 01,02,04,06,07,08,09,10,11,12,13,20,21,22,25,26,27,30,32,33
红球双胆 09,11
红球三胆 04,09,11
蓝球定五码 03,06,07,12,14
红球12码 01,02,04,07,09,11,12,21,22,25,26,27
红球杀三码 14,16,23
红球龙头两码 01,02
红球凤尾两码 26,27
==================天宇=================
红球独胆 02
蓝球定三码 01,02,15
红球杀六码 09,15,18,21,26,32
红球25码 01,02,03,04,05,06,07,10,11,12,13,14,16,17,19,20,22,23,25,27,28,29,30,31,33
蓝球杀五码 03,05,06,08,11
红球20码 01,02,03,04,05,06,07,10,12,13,16,17,19,20,22,23,28,29,30,33
红球双胆 02,17
红球三胆 02,17,28
蓝球定五码 01,02,09,10,15
红球12码 02,03,04,05,10,13,16,17,19,23,28,29
红球杀三码 09,21,32
红球龙头两码 02,03
红球凤尾两码 28,29
==================彩天地=================
红球独胆 23
蓝球定三码 07,09,12
红球杀六码 03,11,12,13,20,25
红球25码 01,02,04,05,06,07,08,10,14,15,16,17,18,19,21,22,23,24,26,28,29,30,31,32,33
蓝球杀五码 01,03,05,06,13
红球20码 01,02,04,05,06,08,10,15,17,19,21,22,23,26,28,29,30,31,32,33
红球双胆 21,23
红球三胆 15,21,23
蓝球定五码 02,07,09,12,15
红球12码 02,04,05,06,08,15,19,21,23,29,31,32
红球杀三码 13,20,25
红球龙头两码 02,04
红球凤尾两码 31,32
==================谁与争锋=================
红球独胆 31
蓝球定三码 05,15,16
红球杀六码 13,14,17,20,29,33
红球25码 01,02,03,04,05,06,07,08,09,10,15,16,18,19,21,22,23,24,25,26,27,28,30,31,32
蓝球杀五码 02,03,06,08,13
红球20码 01,02,03,04,05,06,07,09,15,18,19,21,22,23,24,25,27,28,31,32
红球双胆 31,32
红球三胆 21,31,32
蓝球定五码 05,07,09,15,16
红球12码 01,03,06,09,18,19,21,22,24,25,31,32
红球杀三码 14,17,33
红球龙头两码 01,03
红球凤尾两码 31,32
==================清风雪舞=================
红球独胆 25
蓝球定三码 01,06,08
红球杀六码 01,14,15,16,17,28
红球25码 02,03,04,05,06,07,08,09,10,11,12,13,18,19,20,21,22,23,24,25,29,30,31,32,33
蓝球杀五码 03,12,13,15,16
红球20码 02,03,05,06,07,08,10,11,12,13,19,21,22,23,25,29,30,31,32,33
红球双胆 25,29
红球三胆 22,25,29
蓝球定五码 01,02,06,08,10
红球12码 02,05,07,08,13,19,21,22,25,29,30,32
红球杀三码 01,17,28
红球龙头两码 02,05
红球凤尾两码 30,32
==================百炼成钢=================
红球独胆 04
蓝球定三码 05,06,09
红球杀六码 01,13,22,23,24,31
红球25码 02,03,04,05,06,07,08,10,11,12,14,15,16,18,19,20,21,25,26,27,28,29,30,32,33
蓝球杀五码 01,02,07,08,13
红球20码 02,03,04,05,06,07,08,11,12,14,16,18,19,20,21,25,26,30,32,33
红球双胆 04,33
红球三胆 04,14,33
蓝球定五码 05,06,09,12,14
红球12码 02,03,04,05,06,08,14,16,18,20,26,33
红球杀三码 13,22,23
红球龙头两码 02,03
红球凤尾两码 26,33
==================莫天命=================
红球独胆 22
蓝球定三码 05,13,15
红球杀六码 02,07,08,16,26,27
红球25码 01,03,04,05,06,09,10,11,12,13,14,15,18,20,21,22,23,24,25,28,29,30,31,32,33
蓝球杀五码 01,07,08,09,16
红球20码 03,04,05,06,09,10,11,12,14,15,20,21,22,23,24,25,29,30,31,33
红球双胆 05,22
红球三胆 04,05,22
蓝球定五码 04,05,12,13,15
红球12码 04,05,06,10,12,14,15,21,22,24,31,33
红球杀三码 02,08,26
红球龙头两码 04,05
红球凤尾两码 31,33
==================孤雁看胆=================
红球独胆 17
蓝球定三码 10,11,16
红球杀六码 10,14,18,24,26,33
红球25码 01,02,04,05,06,07,08,09,11,12,13,15,16,17,19,20,21,22,23,25,27,29,30,31,32
蓝球杀五码 02,03,04,08,09
红球20码 01,02,04,05,06,09,11,12,13,15,16,17,19,22,23,25,29,30,31,32
红球双胆 17,32
红球三胆 11,17,32
蓝球定五码 01,07,10,11,16
红球12码 02,05,09,11,15,17,19,22,25,29,31,32
红球杀三码 10,24,26
红球龙头两码 02,05
红球凤尾两码 31,32
==================小仙女=================
红球独胆 25
蓝球定三码 11,13,16
红球杀六码 08,09,18,19,26,27
红球25码 01,03,04,05,06,07,10,11,12,13,14,15,16,20,21,22,23,24,25,28,29,30,31,32,33
蓝球杀五码 01,03,12,14,15
红球20码 01,03,04,05,06,07,10,11,12,14,15,22,23,24,25,29,30,31,32,33
红球双胆 25,31
红球三胆 11,25,31
蓝球定五码 04,10,11,13,16
红球12码 01,04,06,07,11,12,15,22,23,25,31,32
红球杀三码 19,26,27
红球龙头两码 01,04
红球凤尾两码 31,32
==================东方卫视=================
红球独胆 21
蓝球定三码 02,03,12
红球杀六码 03,09,13,18,29,33
红球25码 01,02,04,05,06,07,08,10,11,12,14,15,16,17,19,20,21,22,23,24,25,27,28,31,32
蓝球杀五码 01,04,07,09,15
红球20码 01,02,04,05,06,08,10,11,12,14,15,16,17,20,21,22,24,25,27,28
红球双胆 21,25
红球三胆 12,21,25
蓝球定五码 02,03,08,12,16
红球12码 04,06,12,14,16,17,20,21,22,24,25,28
红球杀三码 18,29,33
红球龙头两码 04,06
红球凤尾两码 25,28
==================第二神=================
红球独胆 17
蓝球定三码 10,12,13
红球杀六码 06,12,13,22,31,33
红球25码 01,02,03,04,05,07,08,09,10,11,14,16,17,18,20,21,23,24,25,26,27,28,29,30,32
蓝球杀五码 02,03,05,06,07
红球20码 01,02,03,04,07,08,09,10,14,17,18,21,23,24,26,27,28,29,30,32
红球双胆 10,17
红球三胆 04,10,17
蓝球定五码 04,10,12,13,14
红球12码 01,04,07,09,10,17,18,21,23,28,29,30
红球杀三码 13,22,31
红球龙头两码 01,04
红球凤尾两码 29,30
==================潮人=================
红球独胆 11
蓝球定三码 01,04,06
红球杀六码 02,12,16,23,29,30
红球25码 03,04,05,06,07,08,09,10,11,13,14,17,18,19,20,21,22,24,25,26,27,28,31,32,33
蓝球杀五码 02,08,12,14,15
红球20码 03,04,05,07,08,09,10,11,13,14,17,18,21,22,25,26,27,28,31,33
红球双胆 11,26
红球三胆 11,26,27
蓝球定五码 01,03,04,06,13
红球12码 03,07,08,09,10,11,14,17,26,27,31,33
红球杀三码 02,12,30
红球龙头两码 03,07
红球凤尾两码 31,33
==================西坝=================
红球独胆 14
蓝球定三码 07,12,15
红球杀六码 03,20,25,27,28,32
红球25码 01,02,04,05,06,07,08,09,10,11,12,13,14,15,16,17,18,19,21,22,24,26,29,30,33
蓝球杀五码 01,02,05,09,11
红球20码 01,02,04,05,06,07,08,11,12,14,15,18,19,21,22,24,26,29,30,33
红球双胆 07,14
红球三胆 07,14,30
蓝球定五码 07,08,12,14,15
红球12码 04,07,08,11,14,18,19,21,22,24,30,33
红球杀三码 20,27,28
红球龙头两码 04,07
红球凤尾两码 30,33
==================丹姿=================
红球独胆 27
蓝球定三码 03,06,10
红球杀六码 06,07,11,21,25,33
红球25码 01,02,03,04,05,08,09,10,12,13,14,15,16,17,18,19,22,23,24,26,27,28,29,31,32
蓝球杀五码 02,04,07,09,11
红球20码 01,04,05,08,09,10,12,13,14,15,16,18,22,23,24,26,27,28,31,32
红球双胆 12,27
红球三胆 05,12,27
蓝球定五码 01,03,05,06,10
红球12码 04,05,10,12,14,15,16,18,22,24,26,27
红球杀三码 06,11,21
红球龙头两码 04,05
红球凤尾两码 26,27
==================痛并快乐=================
红球独胆 27
蓝球定三码 11,12,15
红球杀六码 01,14,15,21,23,29
红球25码 02,03,04,05,06,07,08,09,10,11,12,13,17,19,20,22,24,25,26,27,28,30,31,32,33
蓝球杀五码 01,02,05,07,16
红球20码 02,03,05,06,07,08,10,11,13,19,20,24,25,26,27,28,30,31,32,33
红球双胆 27,31
红球三胆 26,27,31
蓝球定五码 04,11,12,13,15
红球12码 02,03,06,07,19,24,25,26,27,28,31,32
红球杀三码 14,15,23
红球龙头两码 02,03
红球凤尾两码 31,32
==================真心相待=================
红球独胆 26
蓝球定三码 03,06,13
红球杀六码 07,11,15,27,29,30
红球25码 01,02,03,04,05,06,08,10,12,14,16,17,18,19,20,21,22,23,24,25,26,28,31,32,33
蓝球杀五码 01,07,10,14,16
红球20码 01,02,03,05,08,10,12,14,16,17,18,19,20,22,24,25,26,28,31,32
红球双胆 12,26
红球三胆 12,22,26
蓝球定五码 02,03,06,11,13
红球12码 08,10,12,14,16,17,18,19,22,24,25,26
红球杀三码 07,27,29
红球龙头两码 08,10
红球凤尾两码 25,26
==================维迪尔=================
红球独胆 06
蓝球定三码 05,11,14
红球杀六码 07,09,10,12,24,28
红球25码 01,02,03,04,05,06,08,11,13,14,15,16,17,19,20,21,22,23,26,27,29,30,31,32,33
蓝球杀五码 06,07,08,09,16
红球20码 01,02,03,04,05,06,08,11,13,15,16,17,20,21,22,26,29,31,32,33
红球双胆 03,06
红球三胆 03,04,06
蓝球定五码 01,02,05,11,14
红球12码 01,02,03,04,05,06,08,11,17,21,29,33
红球杀三码 10,24,28
红球龙头两码 01,02
红球凤尾两码 29,33
==================巫妖=================
红球独胆 07
蓝球定三码 07,09,11
红球杀六码 03,04,05,08,21,33
红球25码 01,02,07,09,10,11,12,13,14,15,16,17,18,20,22,23,24,25,26,27,28,29,30,31,32
蓝球杀五码 05,06,10,13,16
红球20码 01,02,07,09,11,12,13,14,15,16,17,18,20,25,26,28,29,30,31,32
红球双胆 07,18
红球三胆 01,07,18
蓝球定五码 07,08,09,11,12
红球12码 01,07,09,11,12,16,18,20,25,26,28,31
红球杀三码 05,08,21
红球龙头两码 01,07
红球凤尾两码 28,31
==================忘忧草=================
红球独胆 25
蓝球定三码 03,05,12
红球杀六码 08,22,23,28,32,33
红球25码 01,02,03,04,05,06,07,10,11,12,13,14,15,16,17,19,20,21,24,25,26,27,29,30,31
蓝球杀五码 01,07,08,13,14
红球20码 01,02,03,04,06,07,11,12,13,14,16,17,19,20,21,24,25,26,27,29
红球双胆 11,25
红球三胆 04,11,25
蓝球定五码 02,03,05,12,16
红球12码 04,06,07,11,13,14,17,19,20,21,24,25
红球杀三码 23,28,33
红球龙头两码 04,06
红球凤尾两码 24,25
==================寻雾=================
红球独胆 15
蓝球定三码 05,10,12
红球杀六码 02,06,12,20,28,32
红球25码 03,04,05,07,08,09,10,11,13,14,15,16,17,18,19,21,22,23,24,25,26,29,30,31,33
蓝球杀五码 03,06,09,13,16
红球20码 03,04,05,07,08,09,10,11,13,14,15,16,18,22,24,25,29,30,31,33
红球双胆 09,15
红球三胆 04,09,15
蓝球定五码 01,05,10,12,14
红球12码 03,04,05,07,09,13,15,22,25,29,30,33
红球杀三码 12,20,28
红球龙头两码 03,04
红球凤尾两码 30,33
==================四通八达=================
红球独胆 28
蓝球定三码 05,11,12
红球杀六码 02,05,08,15,27,31
红球25码 01,03,04,07,09,10,11,12,13,14,16,17,18,19,20,21,22,24,25,26,28,29,30,32,33
蓝球杀五码 03,04,08,14,16
红球20码 03,04,09,10,11,12,13,14,16,17,19,20,22,25,26,28,29,30,32,33
红球双胆 14,28
红球三胆 14,28,29
蓝球定五码 05,07,09,11,12
红球12码 03,09,10,13,14,19,22,25,28,29,32,33
红球杀三码 05,15,31
红球龙头两码 03,09
红球凤尾两码 32,33
==================西川达子=================
红球独胆 09
蓝球定三码 03,06,07
红球杀六码 04,06,11,12,29,33
红球25码 01,03,05,07,08,09,10,14,15,16,17,18,19,20,21,22,23,24,25,26,27,28,30,31,32
蓝球杀五码 05,10,13,14,16
红球20码 01,03,05,08,09,10,15,16,18,19,20,22,23,24,25,26,27,28,31,32
红球双胆 09,24
红球三胆 09,19,24
蓝球定五码 03,06,07,08,09
红球12码 01,05,08,09,10,16,18,19,23,24,25,27
红球杀三码 04,11,33
红球龙头两码 01,05
红球凤尾两码 25,27
==================演绎人生=================
红球独胆 01
蓝球定三码 02,13,15
红球杀六码 02,04,12,15,19,30
红球25码 01,03,05,07,08,09,10,11,13,14,16,17,18,20,21,22,23,24,25,26,27,28,29,32,33
蓝球杀五码 01,04,08,10,11
红球20码 01,05,07,08,09,10,11,13,14,16,18,20,21,22,23,24,25,26,32,33
红球双胆 01,13
红球三胆 01,08,13
蓝球定五码 02,03,12,13,15
红球12码 01,05,07,08,09,10,13,14,20,22,23,32
红球杀三码 12,15,19
红球龙头两码 01,05
红球凤尾两码 23,32
==================薄彩在身=================
红球独胆 01
蓝球定三码 04,10,13
红球杀六码 02,10,16,28,31,32
红球25码 01,03,04,05,06,07,08,09,11,12,13,14,15,17,18,20,21,22,23,25,26,27,29,30,33
蓝球杀五码 01,02,03,06,07
红球20码 01,03,04,05,06,08,09,12,13,14,15,17,20,21,22,23,25,26,27,29
红球双胆 01,13
红球三胆 01,13,17
蓝球定五码 04,10,12,13,16
红球12码 01,04,05,09,12,13,15,17,21,23,26,29
红球杀三码 10,28,32
红球龙头两码 01,04
红球凤尾两码 26,29
==================百事大吉=================
红球独胆 28
蓝球定三码 01,03,15
红球杀六码 01,06,12,14,21,27
红球25码 02,04,05,07,08,09,10,11,13,15,16,17,18,19,20,23,24,25,26,28,29,30,31,32,33
蓝球杀五码 02,07,08,11,14
红球20码 02,04,05,08,09,11,13,15,16,18,19,23,24,25,28,29,30,31,32,33
红球双胆 23,28
红球三胆 19,23,28
蓝球定五码 01,03,04,10,15
红球12码 02,04,05,08,09,16,19,23,24,25,28,30
红球杀三码 01,14,21
红球龙头两码 02,04
红球凤尾两码 28,30
==================双色球达人=================
红球独胆 25
蓝球定三码 07,14,16
红球杀六码 06,14,15,21,26,27
红球25码 01,02,03,04,05,07,08,09,10,11,12,13,17,18,19,22,23,24,25,28,29,30,31,32,33
蓝球杀五码 01,02,09,10,11
红球20码 01,02,04,05,07,08,10,11,12,17,18,19,22,24,25,28,29,30,32,33
红球双胆 25,33
红球三胆 18,25,33
蓝球定五码 03,06,07,14,16
红球12码 02,04,05,08,11,18,19,24,25,29,30,33
红球杀三码 14,21,26
红球龙头两码 02,04
红球凤尾两码 30,33
==================天之骄子=================
红球独胆 20
蓝球定三码 02,13,15
红球杀六码 04,18,21,23,24,30
红球25码 01,03,05,06,07,08,09,10,11,12,13,14,15,16,17,19,20,22,25,26,27,28,29,32,33
蓝球杀五码 03,07,10,11,12
红球20码 01,03,05,06,07,09,10,12,13,14,16,17,19,20,22,26,27,28,29,32
红球双胆 09,20
红球三胆 09,20,22
蓝球定五码 02,05,06,13,15
红球12码 03,05,07,09,13,14,16,17,20,22,26,28
红球杀三码 18,24,30
红球龙头两码 03,05
红球凤尾两码 26,28
==================西龙=================
红球独胆 08
蓝球定三码 06,09,10
红球杀六码 05,20,24,26,27,31
红球25码 01,02,03,04,06,07,08,09,10,11,12,13,14,15,17,18,19,21,22,23,25,28,29,30,32
蓝球杀五码 02,05,12,13,14
红球20码 01,02,03,06,08,09,10,11,12,13,14,15,17,18,21,22,23,25,28,29
红球双胆 02,08
红球三胆 02,08,23
蓝球定五码 06,07,09,10,11
红球12码 02,08,11,13,15,17,18,22,23,25,28,29
红球杀三码 05,20,27
红球龙头两码 02,08
红球凤尾两码 28,29
==================称心码=================
红球独胆 02
蓝球定三码 02,13,16
红球杀六码 07,08,12,15,27,28
红球25码 01,02,03,04,05,06,09,10,11,13,14,16,17,18,19,20,21,22,23,24,29,30,31,32,33
蓝球杀五码 01,04,08,10,14
红球20码 02,04,05,06,11,13,14,17,18,19,20,21,22,23,24,29,30,31,32,33
红球双胆 02,13
红球三胆 02,13,20
蓝球定五码 02,03,13,15,16
红球12码 02,04,05,13,14,18,19,20,21,22,29,31
红球杀三码 07,15,28
红球龙头两码 02,04
红球凤尾两码 29,31
==================法神=================
红球独胆 10
蓝球定三码 03,05,10
红球杀六码 01,08,12,13,15,32
红球25码 02,03,04,05,06,07,09,10,11,14,16,18,20,21,22,23,24,25,26,27,28,29,30,31,33
蓝球杀五码 01,08,09,11,12
红球20码 02,03,04,05,06,07,09,10,11,16,18,20,21,22,23,24,26,27,29,33
红球双胆 10,24
红球三胆 06,10,24
蓝球定五码 03,05,10,14,15
红球12码 02,05,06,07,09,10,11,21,22,24,26,33
红球杀三码 13,15,32
红球龙头两码 02,05
红球凤尾两码 26,33
==================小糖人=================
红球独胆 20
蓝球定三码 02,12,13
红球杀六码 02,04,07,09,18,31
红球25码 01,03,05,06,08,10,11,12,13,14,15,17,19,20,21,22,23,24,25,27,28,29,30,32,33
蓝球杀五码 04,06,08,10,14
红球20码 01,03,06,08,10,11,12,13,14,15,17,20,22,23,25,27,28,29,32,33
红球双胆 01,20
红球三胆 01,12,20
蓝球定五码 02,07,12,13,15
红球12码 01,08,10,12,13,15,17,20,27,28,29,33
红球杀三码 02,09,18
红球龙头两码 01,08
红球凤尾两码 29,33
==================火力全开=================
红球独胆 27
蓝球定三码 10,11,13
红球杀六码 03,08,13,14,15,32
红球25码 01,04,05,06,07,09,10,11,12,16,17,18,19,20,21,22,23,25,26,27,28,29,30,31,33
蓝球杀五码 06,12,14,15,16
红球20码 01,04,06,07,09,11,12,16,17,18,19,20,21,22,23,25,26,27,28,30
红球双胆 01,27
红球三胆 01,12,27
蓝球定五码 04,07,10,11,13
红球12码 01,04,07,11,12,16,17,21,26,27,28,30
红球杀三码 13,15,32
红球龙头两码 01,04
红球凤尾两码 28,30
==================达达=================
红球独胆 09
蓝球定三码 13,14,15
红球杀六码 01,11,20,26,30,31
红球25码 05,07,08,09,10,12,13,14,15,16,18,19,22,23,24,25,27,28,29,32
蓝球杀五码 05
红球20码 05,07,08,09,10,12,14,15,16,18,22,23,24,27,28,29
红球双胆 09,18
红球三胆 09,18,28
蓝球定五码 12,13,14,15,16
红球12码 09,12,16,18,22,23,27,28,29
红球杀三码 01,11,20
红球龙头两码 03,12
红球凤尾两码 23,28
