==================狐王=================
红球独胆 12
蓝球定三码 13,15,16
红球杀六码 03,07,10,15,24,29
红球25码 01,02,04,05,06,08,11,12,13,14,16,17,18,19,20,21,22,23,25,26,27,28,31,32,33
蓝球杀五码 01,04,07,12,14
红球20码 01,02,04,08,11,12,13,14,16,19,20,22,23,25,26,27,28,31,32,33
红球双胆 01,12
红球三胆 01,12,33
蓝球定五码 06,10,13,15,16
红球12码 01,02,04,11,12,13,19,25,26,28,31,33
红球杀三码 07,10,15
红球龙头两码 01,02
红球凤尾两码 31,33
==================巫妖=================
红球独胆 29
蓝球定三码 04,05,09
红球杀六码 02,18,26,27,28,30
红球25码 01,03,04,05,06,07,08,10,11,12,13,14,15,16,17,19,21,22,23,24,25,29,31,32,33
蓝球杀五码 01,06,08,10,14
红球20码 01,03,04,05,06,08,10,11,13,14,15,16,19,21,22,24,29,31,32,33
红球双胆 01,29
红球三胆 01,29,33
蓝球定五码 04,05,09,11,13
红球12码 01,03,04,05,06,08,15,16,22,29,31,33
红球杀三码 02,26,27
红球龙头两码 01,03
红球凤尾两码 31,33
==================完美运程=================
红球独胆 16
蓝球定三码 07,10,15
红球杀六码 06,17,18,19,21,24
红球25码 01,02,03,04,05,08,09,10,11,12,13,14,15,16,20,22,23,25,27,28,29,30,31,32,33
蓝球杀五码 03,04,05,09,11
红球20码 01,02,03,04,05,09,10,12,13,15,16,20,23,25,27,28,29,30,31,32
红球双胆 16,28
红球三胆 12,16,28
蓝球定五码 01,07,10,15,16
红球12码 03,04,10,12,15,16,20,23,25,28,30,31
红球杀三码 06,19,24
红球龙头两码 03,04
红球凤尾两码 30,31
==================格兰雄狮=================
红球独胆 24
蓝球定三码 03,07,11
红球杀六码 01,11,12,15,20,32
红球25码 02,03,05,06,07,08,09,10,13,14,16,17,18,19,21,22,23,24,25,26,27,28,29,30,31
蓝球杀五码 09,12,13,14,15
红球20码 02,03,06,08,09,10,13,16,17,18,19,21,23,24,26,27,28,29,30,31
红球双胆 19,24
红球三胆 19,24,29
蓝球定五码 03,06,07,08,11
红球12码 02,03,08,13,16,17,19,23,24,26,29,31
红球杀三码 01,11,12
红球龙头两码 02,03
红球凤尾两码 29,31
==================暗渡陈仓=================
红球独胆 15
蓝球定三码 06,15,16
红球杀六码 04,12,19,23,29,31
红球25码 01,02,03,05,06,07,08,10,11,13,14,15,16,17,18,20,21,22,24,25,27,28,30,32,33
蓝球杀五码 02,07,10,12,13
红球20码 01,03,05,06,07,08,10,11,13,15,16,17,18,20,21,22,25,28,30,33
红球双胆 15,25
红球三胆 01,15,25
蓝球定五码 01,06,14,15,16
红球12码 01,05,06,07,08,11,15,17,22,25,28,33
红球杀三码 04,12,29
红球龙头两码 01,05
红球凤尾两码 28,33
==================天宇=================
红球独胆 11
蓝球定三码 02,12,15
红球杀六码 06,12,16,18,23,25
红球25码 01,02,03,04,05,07,08,09,10,11,13,14,15,17,19,20,21,24,26,28,29,30,31,32,33
蓝球杀五码 03,06,11,13,16
红球20码 01,02,04,05,07,08,09,10,11,13,14,15,19,21,24,28,29,30,32,33
红球双胆 11,13
红球三胆 11,13,30
蓝球定五码 02,08,12,14,15
红球12码 02,05,07,08,09,11,13,15,21,28,29,30
红球杀三码 16,18,23
红球龙头两码 02,05
红球凤尾两码 29,30
==================百炼成钢=================
红球独胆 28
蓝球定三码 04,06,15
红球杀六码 05,07,11,14,16,18
红球25码 01,02,03,04,06,08,09,10,12,13,15,17,20,21,22,23,24,25,26,27,28,29,31,32,33
蓝球杀五码 07,08,10,13,16
红球20码 02,03,04,06,08,09,10,12,13,15,17,20,21,22,23,24,28,29,31,32
红球双胆 12,28
红球三胆 12,13,28
蓝球定五码 04,05,06,14,15
红球12码 02,04,06,08,09,12,13,20,22,28,31,32
红球杀三码 07,14,16
红球龙头两码 02,04
红球凤尾两码 31,32
==================演绎人生=================
红球独胆 26
蓝球定三码 01,11,13
红球杀六码 03,07,10,20,22,32
红球25码 02,04,05,06,08,09,11,12,13,14,15,16,17,19,21,23,24,25,26,27,28,29,30,31,33
蓝球杀五码 02,05,08,12,15
红球20码 02,04,05,06,11,12,13,14,15,17,19,21,23,25,26,27,28,29,31,33
红球双胆 02,26
红球三胆 02,26,27
蓝球定五码 01,04,11,13,14
红球12码 02,05,12,13,14,17,21,25,26,27,28,31
红球杀三码 03,07,10
红球龙头两码 02,05
红球凤尾两码 28,31
==================蜗蜗牛=================
红球独胆 01
蓝球定三码 07,09,15
红球杀六码 02,05,06,11,13,21
红球25码 01,03,04,08,09,10,12,14,15,16,17,18,19,20,23,24,25,26,27,28,29,30,31,32,33
蓝球杀五码 02,03,10,11,14
红球20码 01,04,09,10,12,14,15,16,17,18,19,20,23,24,26,27,29,30,31,32
红球双胆 01,29
红球三胆 01,18,29
蓝球定五码 06,07,08,09,15
红球12码 01,04,09,14,15,16,18,20,26,29,31,32
红球杀三码 05,13,21
红球龙头两码 01,04
红球凤尾两码 31,32
==================第二神=================
红球独胆 16
蓝球定三码 04,05,13
红球杀六码 09,10,11,14,29,32
红球25码 02,03,04,05,06,07,08,12,13,15,16,17,18,19,20,21,23,24,25,26,27,28,30,31,33
蓝球杀五码 01,02,06,09,12
红球20码 02,03,04,06,07,08,12,13,15,16,17,18,19,21,23,25,27,30,31,33
红球双胆 03,16
红球三胆 03,16,27
蓝球定五码 04,05,13,14,15
红球12码 02,03,04,07,08,13,15,16,17,25,27,33
红球杀三码 09,10,11
红球龙头两码 02,03
红球凤尾两码 27,33
==================称心码=================
红球独胆 29
蓝球定三码 06,09,15
红球杀六码 02,15,23,25,26,32
红球25码 01,03,04,05,06,08,09,10,11,12,13,14,16,17,18,20,21,22,24,27,28,29,30,31,33
蓝球杀五码 04,10,12,13,16
红球20码 01,03,04,05,06,09,11,16,17,18,20,21,22,24,27,28,29,30,31,33
红球双胆 28,29
红球三胆 28,29,31
蓝球定五码 03,06,09,14,15
红球12码 01,03,04,05,06,09,18,20,27,28,29,31
红球杀三码 02,23,25
红球龙头两码 01,03
红球凤尾两码 29,31
==================李寒=================
红球独胆 14
蓝球定三码 01,07,09
红球杀六码 01,06,22,30,32,33
红球25码 02,03,04,07,08,09,10,11,12,13,14,15,16,17,18,19,20,21,23,24,25,26,28,29,31
蓝球杀五码 04,05,12,13,14
红球20码 03,04,07,09,10,11,13,14,15,16,17,18,19,20,21,24,25,28,29,31
红球双胆 04,14
红球三胆 04,13,14
蓝球定五码 01,02,07,09,15
红球12码 03,04,07,13,14,15,16,17,18,25,28,31
红球杀三码 06,30,33
红球龙头两码 03,04
红球凤尾两码 28,31
==================幽冉=================
红球独胆 15
蓝球定三码 03,12,16
红球杀六码 02,07,17,20,24,25
红球25码 01,03,05,06,08,09,10,11,12,13,14,15,16,18,19,21,22,23,26,28,29,30,31,32,33
蓝球杀五码 01,02,10,13,15
红球20码 01,03,05,08,09,10,11,12,13,14,15,19,21,22,23,26,30,31,32,33
红球双胆 12,15
红球三胆 11,12,15
蓝球定五码 03,07,12,14,16
红球12码 01,08,09,10,11,12,15,21,22,23,31,33
红球杀三码 02,07,17
红球龙头两码 01,08
红球凤尾两码 31,33
==================惊天危机=================
红球独胆 33
蓝球定三码 06,13,14
红球杀六码 05,14,16,22,24,32
红球25码 01,02,03,04,06,07,08,09,10,11,12,15,17,18,19,20,21,23,25,26,28,29,30,31,33
蓝球杀五码 03,07,09,12,16
红球20码 02,03,06,07,08,09,10,11,15,17,18,20,21,23,25,28,29,30,31,33
红球双胆 11,33
红球三胆 08,11,33
蓝球定五码 04,06,13,14,15
红球12码 03,06,08,11,15,20,21,25,28,30,31,33
红球杀三码 05,22,24
红球龙头两码 03,06
红球凤尾两码 31,33
==================真心相待=================
红球独胆 31
蓝球定三码 02,10,13
红球杀六码 10,16,19,21,23,27
红球25码 01,02,03,04,05,06,08,09,11,12,13,14,15,17,18,20,22,24,26,28,29,30,31,32,33
蓝球杀五码 03,07,09,11,15
红球20码 01,02,03,04,05,06,08,09,11,12,13,15,17,18,22,26,28,29,31,33
红球双胆 05,31
红球三胆 05,28,31
蓝球定五码 02,06,08,10,13
红球12码 01,02,05,08,11,13,15,18,22,28,31,33
红球杀三码 21,23,27
红球龙头两码 01,02
红球凤尾两码 31,33
==================助力=================
红球独胆 11
蓝球定三码 15,09,12
红球杀六码 09,20,31,17,21,33
红球25码 11,13,08,02,26,27,03,07,10,15,32,25,01,05,12,23,16,19,30,22,28,06,29,04,14
蓝球杀五码 16,01,03,08,13
红球20码 11,13,08,02,26,27,03,07,10,15,32,25,01,05,12,23,16,19,30,22
红球双胆 11,13
红球三胆 11,13,08
蓝球定五码 15,09,12,11,06
红球12码 11,13,08,02,26,27,03,07,10,15,32,25
红球杀三码 09,20,31
红球龙头两码 02,03
红球凤尾两码 27,32
==================飞花潇雪=================
红球独胆 06
蓝球定三码 01,07,13
红球杀六码 04,08,10,13,16,25
红球25码 01,02,03,05,06,07,09,12,14,15,18,19,20,21,22,23,24,26,27,28,29,30,31,32,33
蓝球杀五码 03,06,09,12,15
红球20码 02,05,06,07,09,15,19,20,21,22,23,24,26,27,28,29,30,31,32,33
红球双胆 06,31
红球三胆 02,06,31
蓝球定五码 01,04,07,10,13
红球12码 02,06,09,20,21,22,23,24,27,30,31,33
红球杀三码 13,16,25
红球龙头两码 02,06
红球凤尾两码 31,33
==================寻雾=================
红球独胆 23
蓝球定三码 02,04,11
红球杀六码 02,09,10,17,29,31
红球25码 03,04,05,06,07,08,11,12,13,14,15,16,18,19,20,21,23,24,25,26,27,28,30,32,33
蓝球杀五码 06,08,12,15,16
红球20码 03,04,05,06,07,08,13,14,15,16,18,23,24,25,26,27,28,30,32,33
红球双胆 18,23
红球三胆 06,18,23
蓝球定五码 02,04,07,10,11
红球12码 05,06,07,08,14,15,16,18,23,24,28,30
红球杀三码 09,10,29
红球龙头两码 05,06
红球凤尾两码 28,30
==================万神=================
红球独胆 13
蓝球定三码 05,08,14
红球杀六码 06,18,20,21,26,27
红球25码 01,02,03,04,05,07,08,09,10,11,12,13,14,15,16,19,22,23,24,25,28,29,31,32,33
蓝球杀五码 03,06,11,15,16
红球20码 01,02,03,04,05,07,08,09,10,13,14,15,16,19,22,24,28,29,31,32
红球双胆 13,22
红球三胆 13,16,22
蓝球定五码 05,08,09,10,14
红球12码 03,04,08,09,13,14,15,16,19,22,24,29
红球杀三码 06,18,21
红球龙头两码 03,04
红球凤尾两码 24,29
==================四通八达=================
红球独胆 19
蓝球定三码 07,12,13
红球杀六码 14,17,23,26,29,30
红球25码 01,02,03,04,05,06,07,09,10,11,12,13,15,16,18,19,20,22,24,25,27,28,31,32,33
蓝球杀五码 01,02,04,06,08
红球20码 01,02,03,06,07,09,10,11,12,15,18,19,20,22,24,25,27,28,32,33
红球双胆 19,22
红球三胆 15,19,22
蓝球定五码 05,07,12,13,16
红球12码 02,03,06,09,12,15,18,19,22,25,28,33
红球杀三码 14,23,26
红球龙头两码 02,03
红球凤尾两码 28,33
==================西川达子=================
红球独胆 28
蓝球定三码 02,11,15
红球杀六码 09,11,13,21,29,32
红球25码 01,02,03,04,05,06,07,08,10,12,14,15,16,17,18,19,22,23,24,26,27,28,30,31,33
蓝球杀五码 06,09,13,14,16
红球20码 02,03,04,05,06,07,08,10,12,14,15,16,17,18,23,24,26,28,31,33
红球双胆 10,28
红球三胆 10,17,28
蓝球定五码 02,08,11,12,15
红球12码 02,03,04,05,06,10,16,17,18,23,24,28
红球杀三码 11,21,29
红球龙头两码 02,03
红球凤尾两码 24,28
==================莫天命=================
红球独胆 15
蓝球定三码 05,07,15
红球杀六码 10,13,14,19,26,27
红球25码 01,02,04,05,07,08,09,11,12,15,16,17,18,20,21,22,23,24,25,28,29,30,31,32,33
蓝球杀五码 03,11,12,14,16
红球20码 02,04,05,07,08,09,12,15,17,20,21,22,24,25,28,29,30,31,32,33
红球双胆 15,29
红球三胆 04,15,29
蓝球定五码 01,05,07,13,15
红球12码 04,05,07,08,12,15,20,25,29,30,31,32
红球杀三码 13,14,19
红球龙头两码 04,05
红球凤尾两码 31,32
==================孤雁看胆=================
红球独胆 04
蓝球定三码 05,14,15
红球杀六码 03,06,09,15,18,22
红球25码 01,02,04,05,07,10,11,12,13,14,16,17,20,21,23,24,25,26,27,28,29,30,31,32,33
蓝球杀五码 01,08,09,10,16
红球20码 01,02,04,05,07,10,11,12,13,14,16,17,21,23,24,25,27,29,31,32
红球双胆 01,04
红球三胆 01,04,10
蓝球定五码 05,11,12,14,15
红球12码 01,02,04,10,11,12,13,16,17,24,29,31
红球杀三码 06,15,18
红球龙头两码 01,02
红球凤尾两码 29,31
==================薄彩在身=================
红球独胆 17
蓝球定三码 07,12,13
红球杀六码 07,12,15,18,24,33
红球25码 01,02,03,04,05,06,08,09,10,11,13,14,16,17,19,20,21,22,23,25,26,27,28,29,30
蓝球杀五码 01,02,04,11,15
红球20码 01,02,03,05,06,10,11,13,14,17,19,21,22,23,25,26,27,28,29,30
红球双胆 17,30
红球三胆 02,17,30
蓝球定五码 07,08,09,12,13
红球12码 01,02,03,06,10,13,17,22,25,27,29,30
红球杀三码 12,18,24
红球龙头两码 01,02
红球凤尾两码 29,30
==================百事大吉=================
红球独胆 07
蓝球定三码 06,15,16
红球杀六码 02,05,13,14,18,23
红球25码 01,03,04,06,07,08,09,10,11,12,15,16,19,20,21,22,24,25,26,27,28,29,30,32,33
蓝球杀五码 08,10,12,13,14
红球20码 01,03,04,06,07,08,10,12,15,16,19,20,21,24,25,26,28,30,32,33
红球双胆 03,07
红球三胆 03,04,07
蓝球定五码 04,06,11,15,16
红球12码 03,04,07,10,15,19,20,24,26,28,30,33
红球杀三码 02,05,13
红球龙头两码 03,04
红球凤尾两码 30,33
==================小仙女=================
红球独胆 06
蓝球定三码 02,09,10
红球杀六码 02,05,10,23,24,25
红球25码 01,03,04,06,08,09,11,12,13,14,15,16,17,18,19,20,21,26,27,28,29,30,31,32,33
蓝球杀五码 01,04,05,07,14
红球20码 01,03,04,06,08,09,11,12,13,14,15,16,17,18,20,26,27,28,30,31
红球双胆 06,14
红球三胆 03,06,14
蓝球定五码 02,09,10,15,16
红球12码 03,04,06,08,09,12,14,16,18,26,27,30
红球杀三码 02,10,24
红球龙头两码 03,04
红球凤尾两码 27,30
==================东方卫视=================
红球独胆 30
蓝球定三码 06,08,09
红球杀六码 04,10,18,20,25,28
红球25码 01,02,03,05,06,07,08,09,11,12,13,14,15,16,17,19,22,23,24,26,27,30,31,32,33
蓝球杀五码 01,07,10,13,14
红球20码 02,03,05,06,07,08,09,11,12,13,14,15,16,19,23,26,27,30,32,33
红球双胆 02,30
红球三胆 02,11,30
蓝球定五码 02,03,06,08,09
红球12码 02,05,06,08,11,13,14,16,19,23,30,32
红球杀三码 04,18,25
红球龙头两码 02,05
红球凤尾两码 30,32
==================天之骄子=================
红球独胆 19
蓝球定三码 13,15,16
红球杀六码 03,08,17,24,28,33
红球25码 01,04,05,06,07,09,10,11,12,13,14,15,16,18,19,20,21,22,23,25,26,27,29,30,32
蓝球杀五码 03,04,06,07,09
红球20码 01,04,07,09,10,11,12,13,15,16,18,19,20,22,23,25,26,27,29,32
红球双胆 13,19
红球三胆 11,13,19
蓝球定五码 01,10,13,15,16
红球12码 04,07,11,13,15,16,18,19,20,22,26,27
红球杀三码 24,28,33
红球龙头两码 04,07
红球凤尾两码 26,27
==================军师吴用=================
红球独胆 15
蓝球定三码 04,05,08
红球杀六码 01,03,18,27,28,31
红球25码 02,04,05,06,07,08,09,10,11,12,13,14,15,17,19,20,21,22,23,24,26,29,30,32,33
蓝球杀五码 06,10,14,15,16
红球20码 02,06,08,09,10,12,13,14,15,17,19,21,22,23,24,26,29,30,32,33
红球双胆 02,15
红球三胆 02,15,32
蓝球定五码 02,04,05,08,11
红球12码 02,08,09,10,13,15,17,21,22,23,24,32
红球杀三码 01,03,31
红球龙头两码 02,08
红球凤尾两码 24,32
==================连连碰=================
红球独胆 13
蓝球定三码 03,13,15
红球杀六码 07,10,11,23,30,31
红球25码 02,03,04,05,06,08,09,12,13,14,15,16,17,18,19,20,21,22,24,26,27,28,29,32,33
蓝球杀五码 01,04,05,11,16
红球20码 03,04,08,12,13,14,15,16,17,18,19,20,21,22,24,26,27,28,29,32
红球双胆 13,19
红球三胆 08,13,19
蓝球定五码 03,06,12,13,15
红球12码 03,08,13,14,15,17,19,20,21,22,26,32
红球杀三码 23,30,31
红球龙头两码 03,08
红球凤尾两码 26,32
==================西龙=================
红球独胆 32
蓝球定三码 04,10,13
红球杀六码 06,07,09,13,20,21
红球25码 01,02,03,04,05,08,10,11,14,15,16,17,19,22,23,24,25,26,27,28,29,30,31,32,33
蓝球杀五码 08,09,11,12,14
红球20码 01,02,03,04,05,08,10,11,14,15,17,19,22,24,26,27,29,30,31,32
红球双胆 30,32
红球三胆 22,30,32
蓝球定五码 02,04,10,13,15
红球12码 01,03,04,05,08,10,19,22,24,29,30,32
红球杀三码 06,09,13
红球龙头两码 01,03
红球凤尾两码 30,32
==================潮人=================
红球独胆 07
蓝球定三码 11,12,15
红球杀六码 08,10,11,13,20,24
红球25码 01,02,03,04,05,06,07,09,14,15,17,18,19,21,22,23,25,26,27,28,29,30,31,32,33
蓝球杀五码 01,08,09,10,14
红球20码 01,02,03,04,05,06,07,09,15,18,19,21,22,23,26,27,28,30,32,33
红球双胆 07,21
红球三胆 07,19,21
蓝球定五码 05,06,11,12,15
红球12码 01,06,07,09,18,19,21,22,23,28,30,32
红球杀三码 08,11,13
红球龙头两码 01,06
红球凤尾两码 30,32
==================丹姿=================
红球独胆 33
蓝球定三码 08,09,15
红球杀六码 02,12,14,15,26,32
红球25码 01,03,05,06,07,08,09,10,11,13,16,17,18,19,20,21,23,24,25,27,28,29,30,31,33
蓝球杀五码 01,02,06,10,16
红球20码 01,05,08,09,10,11,13,16,17,18,19,20,21,23,24,25,27,29,31,33
红球双胆 23,33
红球三胆 10,23,33
蓝球定五码 03,08,09,13,15
红球12码 01,08,10,11,16,18,19,20,23,29,31,33
红球杀三码 02,15,26
红球龙头两码 01,08
红球凤尾两码 31,33
==================达达=================
红球独胆 07
蓝球定三码 13,14,15
红球杀六码 09,10,16,21,26,28
红球25码 01,02,03,04,06,07,08,11,12,13,14,15,17,18,19,20,22,23,24,25,27,29,31,32,33
蓝球杀五码 05,06,07,08,09
红球20码 01,03,04,06,07,08,11,13,14,15,17,19,20,22,23,25,27,29,32,33
红球双胆 07,17
红球三胆 07,17,27
蓝球定五码 12,13,14,15,16
红球12码 03,06,07,11,13,15,17,20,25,27,32,33
红球杀三码 09,10,16
红球龙头两码 06,13
红球凤尾两码 25,32
==================忘忧草=================
红球独胆 13
蓝球定三码 02,10,13
红球杀六码 01,02,04,09,20,21
红球25码 03,05,06,07,08,10,11,12,13,15,16,17,18,19,22,23,24,25,26,27,28,29,30,31,33
蓝球杀五码 01,03,09,11,15
红球20码 03,05,08,10,11,12,13,15,16,17,18,19,23,24,25,26,27,28,30,31
红球双胆 13,25
红球三胆 13,25,28
蓝球定五码 02,07,10,13,16
红球12码 05,11,13,15,16,17,23,24,25,27,28,31
红球杀三码 02,04,20
红球龙头两码 05,11
红球凤尾两码 28,31
==================彩天地=================
红球独胆 23
蓝球定三码 08,09,16
红球杀六码 15,17,19,25,27,28
红球25码 01,02,03,04,05,06,07,09,10,11,12,13,14,16,18,20,21,23,24,26,29,30,31,32,33
蓝球杀五码 01,03,05,10,15
红球20码 01,02,03,04,05,06,07,09,10,13,14,16,21,23,24,26,29,30,32,33
红球双胆 16,23
红球三胆 03,16,23
蓝球定五码 06,08,09,11,16
红球12码 01,02,03,04,05,06,13,14,16,21,23,26
红球杀三码 17,25,27
红球龙头两码 01,02
红球凤尾两码 23,26
==================谁与争锋=================
红球独胆 23
蓝球定三码 05,06,10
红球杀六码 07,08,11,17,28,30
红球25码 01,02,03,04,05,06,09,10,13,14,15,16,18,19,20,21,22,23,25,26,27,29,31,32,33
蓝球杀五码 01,02,03,11,16
红球20码 01,02,03,04,05,06,09,10,14,15,18,19,20,21,23,26,27,31,32,33
红球双胆 15,23
红球三胆 15,19,23
蓝球定五码 05,06,08,10,12
红球12码 01,02,05,10,14,15,18,19,21,23,26,27
红球杀三码 07,11,30
红球龙头两码 01,02
红球凤尾两码 26,27
==================清风雪舞=================
红球独胆 10
蓝球定三码 01,07,08
红球杀六码 08,11,15,20,22,25
红球25码 01,02,03,04,05,06,07,09,10,12,13,16,17,18,19,21,23,24,26,27,29,30,31,32,33
蓝球杀五码 04,05,09,14,15
红球20码 01,02,04,05,06,07,10,12,13,17,18,21,23,26,27,29,30,31,32,33
红球双胆 10,26
红球三胆 10,23,26
蓝球定五码 01,02,06,07,08
红球12码 01,02,04,10,13,18,23,26,27,29,31,33
红球杀三码 11,15,20
红球龙头两码 01,02
红球凤尾两码 31,33
==================双色球达人=================
红球独胆 04
蓝球定三码 07,12,14
红球杀六码 13,17,19,21,26,33
红球25码 01,03,04,05,06,07,08,09,10,11,12,14,16,18,20,22,23,24,25,27,28,29,30,31,32
蓝球杀五码 02,08,11,13,15
红球20码 01,03,04,05,06,08,10,11,12,18,20,22,23,24,25,27,28,29,31,32
红球双胆 04,20
红球三胆 04,20,22
蓝球定五码 03,06,07,12,14
红球12码 01,03,04,05,06,10,11,20,22,27,28,29
红球杀三码 13,17,33
红球龙头两码 01,03
红球凤尾两码 28,29
==================小豆豆=================
红球独胆 16
蓝球定三码 01,03,05
红球杀六码 04,09,12,18,26,30
红球25码 01,02,05,06,07,08,10,11,13,14,15,16,17,19,20,21,22,23,24,25,27,28,29,31,32
蓝球杀五码 04,09,11,13,14
红球20码 01,02,05,07,11,13,14,15,16,17,19,21,22,23,25,27,28,29,31,32
红球双胆 16,28
红球三胆 16,22,28
蓝球定五码 01,03,05,06,12
红球12码 01,02,07,13,14,16,19,21,22,27,28,29
红球杀三码 04,09,26
红球龙头两码 01,02
红球凤尾两码 28,29
==================脱口秀=================
红球独胆 06
蓝球定三码 03,05,13
红球杀六码 02,07,09,11,21,33
红球25码 01,03,04,06,08,10,12,13,15,16,17,18,19,20,22,23,24,25,26,27,28,29,30,31,32
蓝球杀五码 02,11,12,15,16
红球20码 01,03,04,06,08,10,12,13,15,17,19,20,22,23,24,25,26,27,28,30
红球双胆 06,22
红球三胆 06,15,22
蓝球定五码 03,04,05,06,13
红球12码 04,06,10,12,13,15,17,20,22,23,25,28
红球杀三码 07,21,33
红球龙头两码 04,06
红球凤尾两码 25,28
==================西坝=================
红球独胆 20
蓝球定三码 05,07,12
红球杀六码 04,06,16,17,22,25
红球25码 01,03,05,07,08,09,10,11,12,13,14,15,18,19,20,21,23,24,26,28,29,30,31,32,33
蓝球杀五码 02,03,09,10,13
红球20码 01,03,05,07,08,10,11,12,13,15,18,19,20,21,23,26,29,31,32,33
红球双胆 20,31
红球三胆 11,20,31
蓝球定五码 04,05,07,08,12
红球12码 08,10,11,12,13,15,18,19,20,21,31,32
红球杀三码 06,16,22
红球龙头两码 08,10
红球凤尾两码 31,32
==================法神=================
红球独胆 12
蓝球定三码 02,07,15
红球杀六码 01,13,22,29,30,33
红球25码 02,03,04,05,06,07,08,09,10,11,12,14,15,16,18,19,21,23,24,25,26,27,28,31,32
蓝球杀五码 03,04,06,08,13
红球20码 02,03,04,05,06,07,08,09,10,12,14,18,19,21,23,25,27,28,31,32
红球双胆 03,12
红球三胆 03,06,12
蓝球定五码 01,02,07,10,15
红球12码 02,03,05,06,12,14,19,21,23,25,27,32
红球杀三码 29,30,33
红球龙头两码 02,03
红球凤尾两码 27,32
==================痛并快乐=================
红球独胆 15
蓝球定三码 08,14,16
红球杀六码 05,10,11,13,27,31
红球25码 01,02,03,04,06,07,08,09,12,14,15,16,17,18,19,20,21,22,23,24,26,28,29,32,33
蓝球杀五码 03,07,10,12,13
红球20码 03,04,06,07,08,09,14,15,16,17,19,20,21,22,23,26,28,29,32,33
红球双胆 15,22
红球三胆 15,21,22
蓝球定五码 02,08,09,14,16
红球12码 03,04,06,14,15,19,20,21,22,28,29,33
红球杀三码 11,13,27
红球龙头两码 03,04
红球凤尾两码 29,33
==================小糖人=================
红球独胆 29
蓝球定三码 06,09,16
红球杀六码 03,04,06,19,23,26
红球25码 01,02,05,07,08,09,10,11,12,13,14,15,16,17,18,20,21,22,24,25,28,29,30,32,33
蓝球杀五码 01,03,08,13,14
红球20码 01,02,07,08,09,10,11,14,17,18,20,21,22,24,25,28,29,30,32,33
红球双胆 20,29
红球三胆 09,20,29
蓝球定五码 06,09,10,11,16
红球12码 02,09,11,14,17,18,20,21,22,29,32,33
红球杀三码 04,19,23
红球龙头两码 02,09
红球凤尾两码 32,33
==================火力全开=================
红球独胆 19
蓝球定三码 03,09,12
红球杀六码 04,07,09,29,31,32
红球25码 01,02,03,05,06,08,10,11,12,13,14,15,16,19,20,21,22,23,24,25,26,27,28,30,33
蓝球杀五码 01,06,07,11,16
红球20码 02,03,05,06,08,11,12,13,14,15,16,19,20,21,22,24,25,26,27,30
红球双胆 19,25
红球三胆 19,25,27
蓝球定五码 03,08,09,12,14
红球12码 05,08,13,14,15,19,20,21,24,25,27,30
红球杀三码 04,09,31
红球龙头两码 05,08
红球凤尾两码 27,30
==================维迪尔=================
红球独胆 25
蓝球定三码 12,14,15
红球杀六码 06,07,13,16,23,28
红球25码 01,02,03,05,08,09,10,11,12,14,17,18,19,20,21,22,24,25,26,27,29,30,31,32,33
蓝球杀五码 01,04,09,13,16
红球20码 01,02,03,05,08,09,10,11,12,14,17,18,20,22,25,26,30,31,32,33
红球双胆 12,25
红球三胆 01,12,25
蓝球定五码 03,08,12,14,15
红球12码 01,03,08,10,11,12,22,25,26,30,32,33
红球杀三码 16,23,28
红球龙头两码 01,03
红球凤尾两码 32,33
