==================狐王=================
红球独胆 31
蓝球定三码 07,12,14
红球杀六码 17,26,28,30,32,33
红球25码 01,02,03,04,05,06,07,08,10,11,12,13,14,15,16,18,19,20,21,23,24,25,27,29,31
蓝球杀五码 03,06,08,09,15
红球20码 02,03,04,05,06,08,11,12,13,14,15,16,18,20,21,23,24,27,29,31
红球双胆 15,31
红球三胆 15,24,31
蓝球定五码 07,12,13,14,16
红球12码 02,06,08,11,14,15,16,20,23,24,29,31
红球杀三码 17,26,28
红球龙头两码 02,06
红球凤尾两码 29,31
==================连连碰=================
红球独胆 28
蓝球定三码 01,03,12
红球杀六码 01,06,10,12,23,24
红球25码 02,03,04,05,07,08,09,11,14,15,16,17,18,19,20,21,22,26,27,28,29,30,31,32,33
蓝球杀五码 02,07,08,09,16
红球20码 02,03,04,05,07,08,09,11,14,15,16,19,20,21,27,28,29,31,32,33
红球双胆 04,28
红球三胆 04,14,28
蓝球定五码 01,03,12,14,15
红球12码 02,04,07,11,14,15,19,20,27,28,29,33
红球杀三码 01,10,23
红球龙头两码 02,04
红球凤尾两码 29,33
==================蜗蜗牛=================
红球独胆 12
蓝球定三码 01,10,16
红球杀六码 01,08,09,10,16,22
红球25码 02,03,04,05,06,07,11,12,13,15,17,18,19,20,21,23,24,25,26,27,28,29,30,32,33
蓝球杀五码 07,09,11,12,13
红球20码 02,03,04,05,07,11,12,15,17,18,20,21,23,24,25,26,27,29,30,33
红球双胆 12,29
红球三胆 12,21,29
蓝球定五码 01,03,04,10,16
红球12码 03,05,11,12,17,18,21,23,24,26,29,33
红球杀三码 01,10,16
红球龙头两码 03,05
红球凤尾两码 29,33
==================完美运程=================
红球独胆 26
蓝球定三码 12,14,16
红球杀六码 01,07,12,13,17,32
红球25码 02,03,04,05,06,08,09,10,11,14,18,19,20,21,22,23,24,25,26,27,28,29,30,31,33
蓝球杀五码 02,03,04,10,13
红球20码 02,03,04,05,06,08,09,11,14,18,21,22,23,24,25,26,27,30,31,33
红球双胆 11,26
红球三胆 11,26,31
蓝球定五码 07,11,12,14,16
红球12码 02,05,06,09,11,14,18,24,25,26,31,33
红球杀三码 12,13,17
红球龙头两码 02,05
红球凤尾两码 31,33
==================小豆豆=================
红球独胆 06
蓝球定三码 05,08,12
红球杀六码 07,08,13,15,28,30
红球25码 01,02,03,04,05,06,10,11,12,14,16,17,19,20,21,22,23,24,25,26,27,29,31,32,33
蓝球杀五码 01,04,06,11,13
红球20码 01,02,03,04,05,06,10,14,16,19,20,22,23,24,25,26,27,29,32,33
红球双胆 05,06
红球三胆 01,05,06
蓝球定五码 03,05,08,12,14
红球12码 01,02,04,05,06,14,16,19,26,27,29,33
红球杀三码 08,15,28
红球龙头两码 01,02
红球凤尾两码 29,33
==================李寒=================
红球独胆 29
蓝球定三码 07,11,16
红球杀六码 02,07,14,19,31,33
红球25码 01,03,04,05,06,09,10,11,12,15,16,17,18,20,21,22,23,24,25,26,27,28,29,30,32
蓝球杀五码 03,04,09,12,14
红球20码 03,04,05,09,10,11,12,15,16,17,18,21,22,23,25,26,27,28,29,32
红球双胆 18,29
红球三胆 18,21,29
蓝球定五码 02,05,07,11,16
红球12码 03,04,09,10,11,16,18,21,22,25,27,29
红球杀三码 02,07,19
红球龙头两码 03,04
红球凤尾两码 27,29
==================幽冉=================
红球独胆 19
蓝球定三码 03,12,14
红球杀六码 02,04,06,15,17,25
红球25码 01,03,05,07,08,09,10,11,13,16,18,19,20,21,22,23,24,26,27,28,29,30,31,32,33
蓝球杀五码 01,04,05,07,10
红球20码 03,05,07,08,09,10,11,16,19,20,21,22,24,26,27,28,29,30,32,33
红球双胆 19,21
红球三胆 09,19,21
蓝球定五码 03,12,13,14,16
红球12码 03,08,09,10,16,19,20,21,22,26,29,30
红球杀三码 02,06,25
红球龙头两码 03,08
红球凤尾两码 29,30
==================惊天危机=================
红球独胆 20
蓝球定三码 04,13,14
红球杀六码 05,12,13,15,27,33
红球25码 01,03,04,06,07,08,09,10,11,14,16,17,19,20,21,22,23,24,25,26,28,29,30,31,32
蓝球杀五码 01,09,11,12,16
红球20码 01,03,04,06,07,09,10,11,14,16,19,20,21,23,24,25,26,29,30,32
红球双胆 20,30
红球三胆 01,20,30
蓝球定五码 04,05,07,13,14
红球12码 01,04,06,09,11,20,21,25,26,29,30,32
红球杀三码 12,15,27
红球龙头两码 01,04
红球凤尾两码 30,32
==================格兰雄狮=================
红球独胆 30
蓝球定三码 11,12,14
红球杀六码 04,08,12,17,22,31
红球25码 02,03,05,06,07,09,10,11,13,14,15,16,18,19,20,21,23,25,26,27,28,29,30,32,33
蓝球杀五码 01,04,05,10,16
红球20码 05,06,07,09,10,11,14,15,16,18,19,20,23,26,27,28,29,30,32,33
红球双胆 30,33
红球三胆 11,30,33
蓝球定五码 06,07,11,12,14
红球12码 06,09,10,11,15,19,23,27,29,30,32,33
红球杀三码 08,22,31
红球龙头两码 06,09
红球凤尾两码 32,33
==================巫妖=================
红球独胆 29
蓝球定三码 07,14,16
红球杀六码 09,12,16,19,23,27
红球25码 01,02,03,05,06,07,08,10,11,13,14,15,17,18,20,21,22,24,26,28,29,30,31,32,33
蓝球杀五码 01,04,09,10,15
红球20码 02,03,05,06,07,08,10,11,15,18,20,21,22,24,26,29,30,31,32,33
红球双胆 29,31
红球三胆 26,29,31
蓝球定五码 03,07,11,14,16
红球12码 02,05,07,11,15,18,22,24,26,29,30,31
红球杀三码 12,16,27
红球龙头两码 02,05
红球凤尾两码 30,31
==================助力=================
红球独胆 11
蓝球定三码 02,06,08
红球杀六码 14,19,05,16,12,22
红球25码 11,07,21,08,27,23,30,33,18,20,02,04,06,26,29,01,10,25,32,09,13,03,24,28,15
蓝球杀五码 14,12,13,10,03
红球20码 11,07,21,08,27,23,30,33,18,20,02,04,06,26,29,01,10,25,32,09
红球双胆 11,07
红球三胆 11,07,21
蓝球定五码 02,06,08,01,04
红球12码 11,07,21,08,27,23,30,33,18,20,02,04
红球杀三码 14,19,05
红球龙头两码 02,04
红球凤尾两码 30,33
==================暗渡陈仓=================
红球独胆 18
蓝球定三码 02,13,14
红球杀六码 08,11,23,27,30,33
红球25码 01,02,03,04,05,06,07,09,10,12,14,15,16,17,18,19,20,21,22,24,25,26,28,31,32
蓝球杀五码 03,06,08,10,12
红球20码 01,02,03,04,05,06,07,09,10,12,14,16,17,18,22,24,26,28,31,32
红球双胆 04,18
红球三胆 03,04,18
蓝球定五码 02,05,13,14,15
红球12码 01,03,04,09,10,12,14,18,26,28,31,32
红球杀三码 08,27,30
红球龙头两码 01,03
红球凤尾两码 31,32
==================万神=================
红球独胆 11
蓝球定三码 02,10,12
红球杀六码 05,06,09,17,25,31
红球25码 01,02,03,04,07,08,10,11,12,13,14,15,16,19,20,21,23,24,26,27,28,29,30,32,33
蓝球杀五码 03,07,09,11,13
红球20码 01,02,03,04,07,08,10,11,12,13,14,15,16,19,21,26,27,28,29,33
红球双胆 11,13
红球三胆 11,13,19
蓝球定五码 02,04,05,10,12
红球12码 01,02,08,11,13,14,15,19,21,26,27,29
红球杀三码 05,17,31
红球龙头两码 01,02
红球凤尾两码 27,29
==================天宇=================
红球独胆 08
蓝球定三码 03,04,07
红球杀六码 09,14,16,18,24,29
红球25码 01,02,03,04,05,06,07,08,10,11,12,13,15,17,19,20,21,22,25,26,27,28,30,31,32
蓝球杀五码 05,08,10,13,16
红球20码 01,02,03,04,06,07,08,10,13,15,19,20,21,25,26,27,28,30,31,32
红球双胆 08,15
红球三胆 08,15,20
蓝球定五码 02,03,04,07,14
红球12码 01,07,08,15,19,20,21,25,26,27,28,30
红球杀三码 14,16,24
红球龙头两码 01,07
红球凤尾两码 28,30
==================彩天地=================
红球独胆 03
蓝球定三码 08,09,10
红球杀六码 01,13,16,17,23,33
红球25码 02,03,04,05,07,09,10,11,12,14,15,18,19,20,21,22,24,25,26,27,28,29,30,31,32
蓝球杀五码 01,06,07,12,13
红球20码 02,03,07,09,10,11,14,15,18,19,20,21,22,24,25,27,28,29,31,32
红球双胆 03,31
红球三胆 03,24,31
蓝球定五码 08,09,10,11,15
红球12码 03,07,10,11,14,15,18,24,25,29,31,32
红球杀三码 13,17,33
红球龙头两码 03,07
红球凤尾两码 31,32
==================谁与争锋=================
红球独胆 08
蓝球定三码 03,14,15
红球杀六码 01,05,19,21,24,30
红球25码 02,03,04,06,07,08,09,10,12,13,14,15,16,17,18,20,22,23,25,26,28,29,31,32,33
蓝球杀五码 04,05,06,08,12
红球20码 03,04,06,08,10,12,13,14,15,16,17,18,20,22,23,25,29,31,32,33
红球双胆 08,22
红球三胆 08,22,29
蓝球定五码 03,13,14,15,16
红球12码 03,04,08,10,14,15,16,22,23,29,31,32
红球杀三码 01,19,24
红球龙头两码 03,04
红球凤尾两码 31,32
==================清风雪舞=================
红球独胆 25
蓝球定三码 02,06,08
红球杀六码 02,11,14,26,27,29
红球25码 01,03,04,06,07,08,09,10,12,13,15,16,17,18,19,20,21,22,23,24,25,30,31,32,33
蓝球杀五码 01,03,05,07,15
红球20码 03,04,06,07,08,09,10,12,15,17,18,19,20,22,23,24,25,30,32,33
红球双胆 17,25
红球三胆 17,20,25
蓝球定五码 02,06,08,10,16
红球12码 04,06,07,10,12,15,17,20,23,25,30,32
红球杀三码 11,26,27
红球龙头两码 04,06
红球凤尾两码 30,32
==================百炼成钢=================
红球独胆 15
蓝球定三码 01,09,11
红球杀六码 05,10,12,18,19,29
红球25码 01,02,03,04,06,07,08,09,13,14,15,16,17,20,21,22,23,24,25,26,27,30,31,32,33
蓝球杀五码 04,07,08,13,16
红球20码 01,03,04,07,13,14,15,16,17,20,21,22,23,24,25,27,30,31,32,33
红球双胆 15,22
红球三胆 15,16,22
蓝球定五码 01,05,09,11,15
红球12码 01,07,13,14,15,16,17,21,22,23,30,33
红球杀三码 05,10,18
红球龙头两码 01,07
红球凤尾两码 30,33
==================演绎人生=================
红球独胆 05
蓝球定三码 01,08,12
红球杀六码 10,20,21,27,30,31
红球25码 01,02,03,04,05,06,07,08,09,11,12,13,14,15,16,17,18,19,23,24,25,26,28,32,33
蓝球杀五码 03,06,10,15,16
红球20码 01,02,04,05,06,07,09,11,12,14,15,16,17,18,23,24,25,26,28,32
红球双胆 05,28
红球三胆 04,05,28
蓝球定五码 01,04,08,12,13
红球12码 01,02,04,05,09,14,15,16,23,24,25,28
红球杀三码 21,27,30
红球龙头两码 01,02
红球凤尾两码 25,28
==================莫天命=================
红球独胆 08
蓝球定三码 01,07,13
红球杀六码 04,19,20,22,23,33
红球25码 01,02,03,05,06,08,09,10,11,12,13,14,15,16,17,18,21,24,25,26,27,28,29,30,31
蓝球杀五码 02,06,11,12,16
红球20码 01,03,05,08,09,10,11,12,13,14,15,16,17,18,24,26,28,29,30,31
红球双胆 08,12
红球三胆 08,12,17
蓝球定五码 01,07,08,10,13
红球12码 01,08,09,11,12,13,15,17,24,26,28,29
红球杀三码 04,20,33
红球龙头两码 01,08
红球凤尾两码 28,29
==================孤雁看胆=================
红球独胆 31
蓝球定三码 01,02,11
红球杀六码 02,05,12,13,17,24
红球25码 01,03,04,06,07,08,09,10,11,14,15,18,19,20,21,22,23,26,27,28,29,30,31,32,33
蓝球杀五码 03,07,08,15,16
红球20码 01,03,04,07,08,09,10,11,14,18,20,21,26,27,28,29,30,31,32,33
红球双胆 26,31
红球三胆 26,28,31
蓝球定五码 01,02,11,13,14
红球12码 04,07,08,10,14,18,20,26,27,28,29,31
红球杀三码 13,17,24
红球龙头两码 04,07
红球凤尾两码 29,31
==================小仙女=================
红球独胆 19
蓝球定三码 04,07,13
红球杀六码 01,05,11,20,24,27
红球25码 02,03,04,06,07,08,09,12,13,14,15,16,17,18,19,21,22,23,25,26,28,29,30,31,33
蓝球杀五码 02,05,08,12,16
红球20码 03,04,06,07,08,12,13,14,15,16,17,18,19,21,22,23,26,28,30,33
红球双胆 13,19
红球三胆 13,16,19
蓝球定五码 01,04,07,11,13
红球12码 03,04,13,14,16,17,19,21,22,26,28,30
红球杀三码 01,20,27
红球龙头两码 03,04
红球凤尾两码 28,30
==================军师吴用=================
红球独胆 11
蓝球定三码 01,05,10
红球杀六码 01,04,13,20,23,32
红球25码 03,05,06,07,08,09,10,11,12,14,15,16,17,18,19,21,22,24,25,26,27,29,30,31,33
蓝球杀五码 03,06,11,12,16
红球20码 03,05,06,07,08,09,10,11,12,14,15,16,18,21,22,24,25,26,29,30
红球双胆 05,11
红球三胆 05,11,22
蓝球定五码 01,05,10,13,15
红球12码 03,05,06,08,11,12,21,22,24,25,26,29
红球杀三码 01,23,32
红球龙头两码 03,05
红球凤尾两码 26,29
==================脱口秀=================
红球独胆 16
蓝球定三码 07,11,15
红球杀六码 04,06,08,20,24,31
红球25码 01,02,05,07,09,10,11,12,13,14,15,16,17,18,19,21,22,25,26,27,28,29,30,32,33
蓝球杀五码 04,05,13,14,16
红球20码 01,02,05,07,10,11,12,14,16,17,18,19,21,22,25,27,28,29,30,32
红球双胆 16,28
红球三胆 02,16,28
蓝球定五码 01,07,10,11,15
红球12码 02,07,10,11,12,14,16,21,22,25,28,29
红球杀三码 06,24,31
红球龙头两码 02,07
红球凤尾两码 28,29
==================第二神=================
红球独胆 11
蓝球定三码 01,09,15
红球杀六码 07,10,17,18,22,25
红球25码 01,03,04,05,06,08,09,11,12,13,14,15,16,20,21,23,24,26,27,28,29,30,31,32,33
蓝球杀五码 05,06,08,10,16
红球20码 01,03,04,05,06,08,09,11,13,14,15,20,23,27,28,29,30,31,32,33
红球双胆 11,28
红球三胆 11,28,31
蓝球定五码 01,02,07,09,15
红球12码 01,04,08,11,13,15,20,23,27,28,31,33
红球杀三码 17,22,25
红球龙头两码 01,04
红球凤尾两码 31,33
==================潮人=================
红球独胆 26
蓝球定三码 07,13,14
红球杀六码 06,07,14,18,19,28
红球25码 01,02,03,04,05,08,09,10,11,12,15,16,17,20,21,22,23,24,25,26,27,29,30,32,33
蓝球杀五码 02,10,11,12,16
红球20码 01,02,04,05,08,09,10,15,16,17,20,23,24,25,26,27,29,30,32,33
红球双胆 01,26
红球三胆 01,09,26
蓝球定五码 04,05,07,13,14
红球12码 01,02,05,08,09,10,16,20,24,25,26,27
红球杀三码 14,19,28
红球龙头两码 01,02
红球凤尾两码 26,27
==================西坝=================
红球独胆 17
蓝球定三码 11,12,13
红球杀六码 08,13,18,21,27,31
红球25码 02,03,04,05,06,07,09,10,11,12,14,15,16,17,19,20,22,24,25,26,28,29,30,32,33
蓝球杀五码 02,06,09,10,15
红球20码 02,03,05,06,09,10,11,12,14,15,16,17,22,24,25,26,28,29,30,33
红球双胆 17,26
红球三胆 17,26,28
蓝球定五码 05,11,12,13,14
红球12码 02,03,09,12,14,15,17,24,25,26,28,30
红球杀三码 18,27,31
红球龙头两码 02,03
红球凤尾两码 28,30
==================丹姿=================
红球独胆 15
蓝球定三码 12,13,15
红球杀六码 07,08,12,17,19,22
红球25码 01,02,03,04,05,06,09,10,11,13,15,16,18,20,23,24,25,26,27,28,29,30,31,32,33
蓝球杀五码 02,06,07,09,10
红球20码 01,02,03,04,06,09,10,15,18,20,23,24,25,26,28,29,30,31,32,33
红球双胆 15,18
红球三胆 15,18,30
蓝球定五码 01,12,13,14,15
红球12码 04,06,10,15,18,20,23,25,28,29,30,32
红球杀三码 08,12,19
红球龙头两码 04,06
红球凤尾两码 30,32
==================痛并快乐=================
红球独胆 12
蓝球定三码 02,07,12
红球杀六码 01,06,07,08,16,28
红球25码 02,03,04,05,09,10,11,12,14,15,17,18,19,20,21,22,23,24,25,26,27,29,31,32,33
蓝球杀五码 09,11,13,14,16
红球20码 02,03,04,10,12,14,15,18,19,20,21,22,23,24,25,26,27,29,32,33
红球双胆 10,12
红球三胆 10,12,24
蓝球定五码 02,06,07,08,12
红球12码 02,03,10,12,14,15,19,21,24,25,26,29
红球杀三码 01,07,16
红球龙头两码 02,03
红球凤尾两码 26,29
==================真心相待=================
红球独胆 25
蓝球定三码 09,12,16
红球杀六码 04,05,16,23,24,30
红球25码 01,02,03,06,07,08,09,10,11,12,13,14,15,17,18,19,20,21,25,27,28,29,31,32,33
蓝球杀五码 01,06,07,08,13
红球20码 01,02,03,06,07,08,11,12,14,15,17,18,19,21,25,27,28,31,32,33
红球双胆 19,25
红球三胆 19,25,28
蓝球定五码 05,09,12,15,16
红球12码 06,07,08,11,15,17,19,21,25,28,31,33
红球杀三码 05,16,24
红球龙头两码 06,07
红球凤尾两码 31,33
==================维迪尔=================
红球独胆 14
蓝球定三码 01,08,09
红球杀六码 02,09,10,15,19,25
红球25码 01,03,04,05,06,07,08,11,12,13,14,17,18,20,21,22,24,26,27,28,29,30,31,32,33
蓝球杀五码 04,06,07,12,15
红球20码 01,03,04,05,07,11,12,13,14,17,18,20,21,22,24,26,27,29,31,33
红球双胆 14,20
红球三胆 11,14,20
蓝球定五码 01,03,08,09,11
红球12码 01,04,11,13,14,18,20,21,22,24,26,33
红球杀三码 02,09,19
红球龙头两码 01,04
红球凤尾两码 26,33
==================飞花潇雪=================
红球独胆 03
蓝球定三码 07,08,16
红球杀六码 09,13,24,26,27,33
红球25码 01,02,03,04,05,06,07,08,10,11,12,14,15,16,17,18,20,21,23,25,28,29,30,31,32
蓝球杀五码 01,03,09,12,15
红球20码 02,03,04,05,08,10,11,14,15,16,17,20,21,23,25,28,29,30,31,32
红球双胆 03,23
红球三胆 03,21,23
蓝球定五码 07,08,13,14,16
红球12码 02,03,04,10,11,15,17,21,23,25,31,32
红球杀三码 09,24,26
红球龙头两码 02,03
红球凤尾两码 31,32
==================忘忧草=================
红球独胆 22
蓝球定三码 06,07,14
红球杀六码 01,08,12,13,14,15
红球25码 02,03,04,05,06,07,09,10,11,17,18,19,20,21,22,23,24,25,26,27,28,30,31,32,33
蓝球杀五码 01,02,09,10,11
红球20码 02,03,04,05,07,09,10,11,17,19,20,21,22,23,24,26,27,30,32,33
红球双胆 22,24
红球三胆 19,22,24
蓝球定五码 06,07,12,14,16
红球12码 02,07,11,19,20,21,22,23,24,26,30,32
红球杀三码 01,08,14
红球龙头两码 02,07
红球凤尾两码 30,32
==================寻雾=================
红球独胆 21
蓝球定三码 01,08,15
红球杀六码 09,12,17,18,28,29
红球25码 01,02,03,04,05,06,07,08,10,11,14,15,16,19,20,21,22,23,25,26,27,30,31,32,33
蓝球杀五码 02,03,05,06,11
红球20码 01,02,03,04,05,06,07,10,11,14,15,19,20,21,22,23,26,27,32,33
红球双胆 07,21
红球三胆 07,11,21
蓝球定五码 01,04,08,15,16
红球12码 02,04,05,07,10,11,14,21,22,26,32,33
红球杀三码 12,17,18
红球龙头两码 02,04
红球凤尾两码 32,33
==================四通八达=================
红球独胆 20
蓝球定三码 10,12,15
红球杀六码 03,06,08,14,17,32
红球25码 01,02,04,05,07,09,10,11,12,13,15,16,18,19,20,21,22,23,25,26,27,28,29,30,33
蓝球杀五码 03,06,07,14,16
红球20码 01,02,04,05,09,10,12,13,16,18,20,21,22,23,25,26,27,29,30,33
红球双胆 20,29
红球三胆 05,20,29
蓝球定五码 02,05,10,12,15
红球12码 02,04,05,16,20,22,23,25,26,27,29,30
红球杀三码 03,08,14
红球龙头两码 02,04
红球凤尾两码 29,30
==================西川达子=================
红球独胆 13
蓝球定三码 06,08,12
红球杀六码 01,02,08,09,30,31
红球25码 04,05,06,07,10,11,12,13,14,15,16,17,18,19,20,21,22,23,24,26,27,28,29,32,33
蓝球杀五码 01,07,10,11,16
红球20码 04,05,06,07,11,12,13,14,16,18,21,22,23,24,26,27,28,29,32,33
红球双胆 13,27
红球三胆 06,13,27
蓝球定五码 05,06,08,12,15
红球12码 04,05,06,07,11,13,21,22,26,27,28,33
红球杀三码 01,09,31
红球龙头两码 04,05
红球凤尾两码 28,33
==================薄彩在身=================
红球独胆 19
蓝球定三码 04,08,14
红球杀六码 02,06,14,22,27,28
红球25码 01,03,04,05,09,10,11,12,13,15,16,17,18,19,20,21,23,24,25,26,29,30,31,32,33
蓝球杀五码 01,03,07,11,15
红球20码 01,03,09,10,11,12,13,16,18,19,20,21,23,24,25,26,29,31,32,33
红球双胆 19,23
红球三胆 12,19,23
蓝球定五码 04,08,10,12,14
红球12码 10,11,12,16,19,21,23,24,25,29,31,33
红球杀三码 02,22,27
红球龙头两码 10,11
红球凤尾两码 31,33
==================百事大吉=================
红球独胆 07
蓝球定三码 02,14,15
红球杀六码 01,03,05,10,16,23
红球25码 02,04,06,07,08,09,11,12,13,14,15,17,19,20,22,24,25,26,27,28,29,30,31,32,33
蓝球杀五码 01,03,05,12,13
红球20码 02,06,07,09,12,13,14,15,17,19,22,24,25,26,27,28,30,31,32,33
红球双胆 07,13
红球三胆 07,12,13
蓝球定五码 02,09,10,14,15
红球12码 02,06,07,12,13,15,22,24,27,28,30,31
红球杀三码 01,05,16
红球龙头两码 02,06
红球凤尾两码 30,31
==================双色球达人=================
红球独胆 12
蓝球定三码 04,13,14
红球杀六码 19,21,26,31,32,33
红球25码 01,02,03,04,05,06,07,09,10,11,12,13,14,15,16,17,18,20,22,23,24,25,27,29,30
蓝球杀五码 02,05,07,11,12
红球20码 01,02,03,04,06,11,12,13,14,15,16,17,18,20,22,24,25,27,29,30
红球双胆 02,12
红球三胆 02,12,24
蓝球定五码 01,04,09,13,14
红球12码 02,03,04,06,11,12,13,14,24,25,29,30
红球杀三码 19,21,26
红球龙头两码 02,03
红球凤尾两码 29,30
==================东方卫视=================
红球独胆 31
蓝球定三码 03,07,12
红球杀六码 15,19,21,24,25,27
红球25码 01,02,03,05,06,07,08,09,10,11,12,13,14,16,17,18,20,22,23,26,29,30,31,32,33
蓝球杀五码 02,06,09,10,16
红球20码 01,02,03,06,07,08,09,10,12,14,16,17,18,20,22,26,29,30,31,33
红球双胆 08,31
红球三胆 01,08,31
蓝球定五码 03,04,07,12,13
红球12码 01,03,06,08,09,10,12,14,20,22,29,31
红球杀三码 15,19,25
红球龙头两码 01,03
红球凤尾两码 29,31
==================天之骄子=================
红球独胆 32
蓝球定三码 03,13,14
红球杀六码 03,07,16,20,21,30
红球25码 01,02,04,05,08,09,10,11,12,13,14,15,17,18,19,22,23,25,26,27,28,29,31,32,33
蓝球杀五码 01,06,07,10,16
红球20码 02,04,05,08,10,11,13,14,15,18,19,22,23,25,26,27,29,31,32,33
红球双胆 31,32
红球三胆 18,31,32
蓝球定五码 03,08,11,13,14
红球12码 02,08,11,15,18,22,23,25,26,27,31,32
红球杀三码 16,21,30
红球龙头两码 02,08
红球凤尾两码 31,32
==================西龙=================
红球独胆 19
蓝球定三码 03,10,15
红球杀六码 12,14,15,18,22,26
红球25码 01,02,03,04,05,06,07,08,09,11,13,16,17,19,20,21,23,24,27,28,29,30,31,32,33
蓝球杀五码 01,05,11,13,14
红球20码 01,02,03,04,05,07,08,09,11,13,17,19,20,21,27,28,29,30,31,32
红球双胆 03,19
红球三胆 03,19,29
蓝球定五码 03,04,06,10,15
红球12码 02,03,08,09,11,13,19,21,28,29,31,32
红球杀三码 12,14,18
红球龙头两码 02,03
红球凤尾两码 31,32
==================称心码=================
红球独胆 05
蓝球定三码 06,07,10
红球杀六码 08,09,18,22,32,33
红球25码 01,02,03,04,05,06,07,10,11,12,13,14,15,16,19,20,21,23,25,26,27,28,29,30,31
蓝球杀五码 01,02,11,12,14
红球20码 01,02,04,05,06,07,10,11,12,14,16,19,20,23,25,26,27,28,30,31
红球双胆 05,11
红球三胆 05,11,19
蓝球定五码 06,07,10,13,16
红球12码 01,02,05,06,10,11,12,16,19,20,25,31
红球杀三码 08,22,32
红球龙头两码 01,02
红球凤尾两码 25,31
==================法神=================
红球独胆 17
蓝球定三码 01,04,05
红球杀六码 07,09,15,19,25,31
红球25码 01,02,03,04,05,08,10,11,12,13,14,16,17,18,20,21,22,23,26,27,28,29,30,32,33
蓝球杀五码 02,07,09,12,13
红球20码 01,02,03,04,05,08,10,11,13,14,17,18,20,23,27,28,29,30,32,33
红球双胆 10,17
红球三胆 02,10,17
蓝球定五码 01,04,05,06,10
红球12码 01,02,05,10,11,13,17,18,23,27,29,32
红球杀三码 15,25,31
红球龙头两码 01,02
红球凤尾两码 29,32
==================小糖人=================
红球独胆 14
蓝球定三码 08,10,15
红球杀六码 05,06,17,20,27,30
红球25码 01,02,03,04,07,08,10,11,12,13,14,15,16,18,19,21,22,24,25,26,28,29,31,32,33
蓝球杀五码 02,06,09,12,13
红球20码 01,02,03,04,07,08,10,11,12,14,18,19,22,24,25,26,28,29,31,33
红球双胆 14,24
红球三胆 14,24,31
蓝球定五码 04,08,10,11,15
红球12码 01,02,03,07,12,14,22,24,25,26,28,31
红球杀三码 06,27,30
红球龙头两码 01,02
红球凤尾两码 28,31
==================火力全开=================
红球独胆 23
蓝球定三码 11,12,14
红球杀六码 07,10,12,13,25,28
红球25码 02,03,04,05,06,08,09,11,14,15,16,17,18,19,20,22,23,24,26,27,29,30,31,32,33
蓝球杀五码 01,03,08,09,13
红球20码 02,03,05,06,08,14,15,16,18,20,22,23,24,26,27,29,30,31,32,33
红球双胆 08,23
红球三胆 08,23,27
蓝球定五码 06,11,12,14,15
红球12码 05,08,14,16,20,23,24,26,27,29,31,33
红球杀三码 10,13,25
红球龙头两码 05,08
红球凤尾两码 31,33
==================达达=================
红球独胆 08
蓝球定三码 14,15,16
红球杀六码 01,10,18,21,29,31
红球25码 02,03,04,05,06,07,08,09,11,12,13,15,16,17,19,20,22,23,24,25,27,28,30,32,33
蓝球杀五码 06,07,08,09,10
红球20码 02,03,04,05,07,08,09,11,12,15,16,17,19,22,23,24,27,28,32,33
红球双胆 08,15
红球三胆 08,15,27
蓝球定五码 13,14,15,16,05
红球12码 03,07,08,12,15,16,19,22,23,27,28,33
红球杀三码 01,10,18
红球龙头两码 07,12
红球凤尾两码 22,28
