==================飞花潇雪=================
红球独胆 30
蓝球定三码 04,06,08
红球杀六码 20
红球25码 01,02,03,04,05,07,08,10,11,14,16,17,19,22,25,26,27,29,30,31
蓝球杀五码 15
红球20码 01,02,03,04,05,07,08,16,19,22,25,26,27,29,30,31
红球双胆 30
红球三胆 04,30
蓝球定五码 04,06,08,14,16
红球12码 02,04,07,08,19,22,25,29,30
红球杀三码 06,21,23
红球龙头两码 02,04
红球凤尾两码 29,30
本期毒蓝08，有谁看上！！！！ 
==================狐王=================
红球独胆 09
蓝球定三码 02,08,09
红球杀六码 03,16,18,20,21,27
红球25码 01,02,04,05,06,07,08,09,11,12,13,14,15,17,19,22,23,24,25,26,28,29,31,32,33
蓝球杀五码 01,05,06,11,15
红球20码 01,02,04,05,06,07,08,09,11,12,14,15,22,23,24,25,26,28,29,31
红球双胆 09,26
红球三胆 09,26,28
蓝球定五码 02,08,09,14,16
红球12码 05,06,08,09,11,14,15,22,23,26,28,29
红球杀三码 03,18,21
红球龙头两码 05,06
红球凤尾两码 28,29
==================西龙=================
红球独胆 32
蓝球定三码 03,09,15
红球杀六码 01,04,17,18,22,33
红球25码 02,03,05,06,07,08,09,10,11,12,13,14,15,16,20,21,23,24,25,26,27,28,29,31,32
蓝球杀五码 05,07,08,12,14
红球20码 02,03,05,06,07,08,09,10,13,14,16,20,21,24,25,26,27,28,31,32
红球双胆 13,32
红球三胆 06,13,32
蓝球定五码 02,03,09,13,15
红球12码 05,06,09,13,16,20,24,25,27,28,31,32
红球杀三码 04,22,33
红球龙头两码 05,06
红球凤尾两码 31,32
==================潮人=================
红球独胆 30
蓝球定三码 02,05,11
红球杀六码 02,09,15,16,25,33
红球25码 01,03,04,05,06,07,08,10,11,12,13,14,17,18,19,21,22,23,26,27,28,29,30,31,32
蓝球杀五码 01,04,06,09,15
红球20码 01,03,04,06,07,08,10,12,13,14,17,18,19,22,23,26,27,30,31,32
红球双胆 06,30
红球三胆 06,07,30
蓝球定五码 02,03,05,07,11
红球12码 01,06,07,08,12,13,17,19,23,27,30,31
红球杀三码 02,09,25
红球龙头两码 01,06
红球凤尾两码 30,31
==================惊天危机=================
红球独胆 20
蓝球定三码 01,02,12
红球杀六码 07,16,19,26,31,32
红球25码 01,02,03,04,05,06,08,09,10,12,13,14,15,18,20,21,22,23,24,25,27,28,29,30,33
蓝球杀五码 05,07,13,14,15
红球20码 01,03,04,05,06,08,09,10,13,15,20,21,22,23,24,25,27,28,29,30
红球双胆 20,25
红球三胆 15,20,25
蓝球定五码 01,02,06,10,12
红球12码 03,05,08,10,15,20,21,22,25,27,29,30
红球杀三码 16,19,31
红球龙头两码 03,05
红球凤尾两码 29,30
==================格兰雄狮=================
红球独胆 13
蓝球定三码 03,08,12
红球杀六码 01,09,12,16,21,30
红球25码 02,03,05,06,08,10,11,13,14,15,17,18,19,20,22,23,24,25,26,27,28,29,31,32,33
蓝球杀五码 01,02,05,07,11
红球20码 02,05,06,08,10,11,13,15,17,18,22,23,24,25,26,27,28,31,32,33
红球双胆 13,24
红球三胆 11,13,24
蓝球定五码 03,08,09,12,13
红球12码 02,05,06,10,11,13,15,17,24,27,28,33
红球杀三码 09,12,21
红球龙头两码 02,05
红球凤尾两码 28,33
==================巫妖=================
红球独胆 14
蓝球定三码 10,15,16
红球杀六码 10,16,18,24,30,32
红球25码 01,02,03,04,05,06,07,08,09,11,12,13,14,15,17,19,20,21,22,26,27,28,29,31,33
蓝球杀五码 01,02,07,09,13
红球20码 02,03,04,05,06,07,08,09,11,13,14,15,17,19,20,26,27,29,31,33
红球双胆 02,14
红球三胆 02,09,14
蓝球定五码 03,10,12,15,16
红球12码 02,03,06,08,09,14,15,17,19,27,29,31
红球杀三码 10,30,32
红球龙头两码 02,03
红球凤尾两码 29,31
==================完美运程=================
红球独胆 06
蓝球定三码 08,09,15
红球杀六码 02,07,08,17,22,29
红球25码 01,03,04,05,06,09,10,11,12,14,15,16,18,19,21,23,24,25,26,27,28,30,31,32,33
蓝球杀五码 03,04,05,07,11
红球20码 01,03,04,05,06,09,10,11,12,14,18,19,21,23,24,25,27,28,32,33
红球双胆 06,33
红球三胆 06,11,33
蓝球定五码 08,09,10,14,15
红球12码 04,05,06,09,10,11,21,23,24,28,32,33
红球杀三码 02,08,17
红球龙头两码 04,05
红球凤尾两码 32,33
==================连连碰=================
红球独胆 28
蓝球定三码 04,13,16
红球杀六码 01,04,11,12,20,33
红球25码 02,03,06,07,08,09,10,13,14,15,16,17,18,19,21,22,23,25,26,27,28,29,30,31,32
蓝球杀五码 02,09,11,12,14
红球20码 02,06,07,08,09,10,14,15,16,19,21,22,23,25,26,27,28,30,31,32
红球双胆 21,28
红球三胆 02,21,28
蓝球定五码 03,04,07,13,16
红球12码 02,06,07,08,09,21,23,26,28,30,31,32
红球杀三码 01,12,20
红球龙头两码 02,06
红球凤尾两码 31,32
==================第二神=================
红球独胆 08
蓝球定三码 04,14,15
红球杀六码 03,17,19,20,22,25
红球25码 01,02,04,05,06,08,09,10,11,12,13,14,15,16,18,21,23,26,27,28,29,30,31,32,33
蓝球杀五码 03,10,11,13,16
红球20码 01,02,04,06,08,11,12,13,14,18,21,23,26,27,28,29,30,31,32,33
红球双胆 08,32
红球三胆 08,13,32
蓝球定五码 02,04,07,14,15
红球12码 01,02,06,08,13,18,23,26,30,31,32,33
红球杀三码 03,22,25
红球龙头两码 01,02
红球凤尾两码 32,33
==================称心码=================
红球独胆 02
蓝球定三码 05,08,12
红球杀六码 04,21,26,27,28,30
红球25码 01,02,03,05,06,07,08,09,10,11,12,14,15,16,17,18,19,20,22,23,24,25,29,32,33
蓝球杀五码 02,04,13,14,16
红球20码 02,03,06,07,08,09,10,11,14,16,17,18,20,22,23,24,25,29,32,33
红球双胆 02,22
红球三胆 02,14,22
蓝球定五码 03,05,06,08,12
红球12码 02,03,06,08,09,14,17,20,22,24,29,33
红球杀三码 21,26,30
红球龙头两码 02,03
红球凤尾两码 29,33
==================天宇=================
红球独胆 21
蓝球定三码 03,07,15
红球杀六码 01,06,22,25,26,32
红球25码 02,03,04,05,07,08,09,10,11,12,13,14,15,16,17,18,21,23,24,27,28,29,30,31,33
蓝球杀五码 04,05,08,11,12
红球20码 03,04,07,09,10,11,12,13,14,15,16,17,18,21,24,27,29,30,31,33
红球双胆 10,21
红球三胆 04,10,21
蓝球定五码 03,07,09,13,15
红球12码 03,04,07,09,10,11,13,14,15,21,30,31
红球杀三码 01,22,32
红球龙头两码 03,04
红球凤尾两码 30,31
==================四通八达=================
红球独胆 17
蓝球定三码 07,08,13
红球杀六码 02,03,11,15,20,33
红球25码 01,04,06,07,08,09,10,12,13,14,16,17,18,19,22,23,24,25,26,27,28,29,30,31,32
蓝球杀五码 01,04,05,09,11
红球20码 01,04,06,07,08,09,10,13,17,18,22,23,24,25,26,27,28,29,30,32
红球双胆 17,18
红球三胆 17,18,25
蓝球定五码 03,07,08,13,16
红球12码 04,06,08,09,10,17,18,24,25,28,29,30
红球杀三码 03,15,33
红球龙头两码 04,06
红球凤尾两码 29,30
==================清风雪舞=================
红球独胆 02
蓝球定三码 04,10,15
红球杀六码 01,07,20,31,32,33
红球25码 02,03,04,05,06,08,09,10,11,12,13,14,15,17,19,21,22,23,24,25,26,27,28,29,30
蓝球杀五码 03,07,08,11,16
红球20码 02,03,04,05,06,08,09,10,12,13,14,17,19,24,25,26,27,28,29,30
红球双胆 02,17
红球三胆 02,17,29
蓝球定五码 04,05,06,10,15
红球12码 02,03,04,08,13,14,17,24,26,28,29,30
红球杀三码 20,31,32
红球龙头两码 02,03
红球凤尾两码 29,30
==================百炼成钢=================
红球独胆 27
蓝球定三码 07,12,16
红球杀六码 03,06,17,24,25,31
红球25码 01,02,04,05,07,08,10,11,12,13,14,15,16,19,20,21,22,23,26,27,28,29,30,32,33
蓝球杀五码 01,04,08,09,11
红球20码 02,04,05,07,11,12,13,14,15,16,19,20,21,22,23,27,28,29,30,33
红球双胆 27,29
红球三胆 07,27,29
蓝球定五码 02,07,12,15,16
红球12码 02,05,07,12,14,15,16,19,21,23,27,29
红球杀三码 17,25,31
红球龙头两码 02,05
红球凤尾两码 27,29
==================西川达子=================
红球独胆 14
蓝球定三码 01,11,14
红球杀六码 07,11,12,18,19,27
红球25码 01,02,04,05,06,08,09,10,13,14,15,16,17,20,21,22,23,24,25,28,29,30,31,32,33
蓝球杀五码 02,08,10,12,13
红球20码 01,02,04,05,06,08,09,10,13,14,16,17,20,22,24,25,29,30,31,32
红球双胆 14,24
红球三胆 14,22,24
蓝球定五码 01,06,09,11,14
红球12码 06,08,09,10,13,14,17,22,24,25,30,31
红球杀三码 07,11,12
红球龙头两码 06,08
红球凤尾两码 30,31
==================百事大吉=================
红球独胆 26
蓝球定三码 06,08,11
红球杀六码 02,04,12,17,24,32
红球25码 01,03,05,06,07,08,09,10,11,13,14,15,16,18,19,20,21,22,25,26,27,28,30,31,33
蓝球杀五码 02,04,09,12,13
红球20码 01,03,05,06,07,08,10,11,15,16,18,19,20,21,25,26,27,28,30,31
红球双胆 25,26
红球三胆 25,26,28
蓝球定五码 03,06,08,11,14
红球12码 08,10,11,18,19,20,25,26,27,28,30,31
红球杀三码 04,12,17
红球龙头两码 08,10
红球凤尾两码 30,31
==================东方卫视=================
红球独胆 26
蓝球定三码 03,08,10
红球杀六码 01,02,10,17,24,32
红球25码 03,04,06,07,08,09,11,12,13,14,15,16,18,19,20,22,23,25,26,27,28,29,30,31,33
蓝球杀五码 02,04,07,12,15
红球20码 03,06,07,08,09,11,12,13,14,16,18,20,22,23,25,26,28,29,30,33
红球双胆 20,26
红球三胆 12,20,26
蓝球定五码 03,06,08,10,16
红球12码 03,08,09,12,13,14,18,20,22,25,26,30
红球杀三码 01,17,32
红球龙头两码 03,08
红球凤尾两码 26,30
==================幽冉=================
红球独胆 12
蓝球定三码 03,07,11
红球杀六码 04,06,07,11,17,30
红球25码 01,02,03,05,08,10,12,13,14,16,18,19,20,21,22,23,24,25,26,27,28,29,31,32,33
蓝球杀五码 01,04,09,13,15
红球20码 01,02,03,08,10,12,13,14,18,19,22,23,24,25,26,27,28,29,32,33
红球双胆 12,13
红球三胆 12,13,32
蓝球定五码 03,07,11,12,14
红球12码 01,10,12,13,18,19,22,26,27,28,32,33
红球杀三码 04,06,30
红球龙头两码 01,10
红球凤尾两码 32,33
==================演绎人生=================
红球独胆 18
蓝球定三码 03,07,11
红球杀六码 04,07,12,17,20,33
红球25码 01,02,03,05,06,09,10,11,13,14,15,16,18,21,22,23,24,25,26,27,28,29,30,31,32
蓝球杀五码 09,10,13,14,16
红球20码 01,02,03,05,09,11,13,14,15,16,18,21,23,24,25,26,27,30,31,32
红球双胆 01,18
红球三胆 01,18,25
蓝球定五码 03,04,07,11,12
红球12码 01,02,03,05,11,16,18,25,26,30,31,32
红球杀三码 04,12,20
红球龙头两码 01,02
红球凤尾两码 31,32
==================薄彩在身=================
红球独胆 20
蓝球定三码 02,06,13
红球杀六码 03,09,12,15,22,30
红球25码 01,02,04,06,07,10,11,13,14,16,17,18,19,20,21,23,24,25,26,27,28,29,31,32,33
蓝球杀五码 04,05,08,09,14
红球20码 02,04,06,07,10,14,17,18,19,20,21,23,24,25,26,27,28,29,32,33
红球双胆 02,20
红球三胆 02,07,20
蓝球定五码 02,06,12,13,16
红球12码 02,06,07,10,14,17,18,20,25,28,29,32
红球杀三码 12,22,30
红球龙头两码 02,06
红球凤尾两码 29,32
==================蜗蜗牛=================
红球独胆 07
蓝球定三码 05,06,13
红球杀六码 08,18,20,28,29,31
红球25码 01,02,03,05,06,07,09,10,11,12,13,14,15,16,17,19,21,22,23,24,25,26,30,32,33
蓝球杀五码 03,04,08,11,15
红球20码 01,02,03,05,06,07,12,14,15,16,17,19,21,22,23,24,25,26,30,33
红球双胆 03,07
红球三胆 02,03,07
蓝球定五码 05,06,07,12,13
红球12码 01,02,03,05,06,07,12,14,17,19,22,24
红球杀三码 08,20,31
红球龙头两码 01,02
红球凤尾两码 22,24
==================丹姿=================
红球独胆 24
蓝球定三码 05,06,16
红球杀六码 07,08,17,21,23,25
红球25码 02,03,04,05,06,09,10,11,12,13,14,15,16,18,20,22,24,26,27,28,29,30,31,32,33
蓝球杀五码 03,04,07,14,15
红球20码 02,04,09,11,12,13,14,15,16,18,20,22,24,26,27,28,29,31,32,33
红球双胆 14,24
红球三胆 14,24,33
蓝球定五码 05,06,08,09,16
红球12码 02,04,09,11,12,14,15,16,22,24,31,33
红球杀三码 08,21,25
红球龙头两码 02,04
红球凤尾两码 31,33
==================真心相待=================
红球独胆 23
蓝球定三码 05,12,16
红球杀六码 07,08,10,18,19,31
红球25码 01,02,03,04,05,06,09,11,12,13,14,15,16,17,21,22,23,24,26,27,28,29,30,32,33
蓝球杀五码 06,08,11,13,15
红球20码 01,02,03,06,09,11,12,13,14,15,16,17,21,22,23,24,26,29,32,33
红球双胆 03,23
红球三胆 03,15,23
蓝球定五码 04,05,07,12,16
红球12码 01,02,03,11,13,15,17,21,23,24,26,33
红球杀三码 10,18,19
红球龙头两码 01,02
红球凤尾两码 26,33
==================彩天地=================
红球独胆 11
蓝球定三码 08,10,16
红球杀六码 01,03,05,14,15,23
红球25码 02,04,06,07,08,09,10,11,12,13,16,17,18,19,20,21,22,24,25,27,28,30,31,32,33
蓝球杀五码 02,05,06,07,09
红球20码 04,06,07,08,10,11,12,13,16,17,18,19,20,22,24,27,28,31,32,33
红球双胆 11,18
红球三胆 11,18,22
蓝球定五码 08,10,11,15,16
红球12码 07,11,13,16,18,19,20,22,24,27,32,33
红球杀三码 01,14,15
红球龙头两码 07,11
红球凤尾两码 32,33
==================谁与争锋=================
红球独胆 26
蓝球定三码 02,13,16
红球杀六码 15,23,24,28,32,33
红球25码 01,02,03,04,05,06,07,08,09,11,12,13,14,16,17,18,19,20,21,25,26,27,29,30,31
蓝球杀五码 06,07,09,12,14
红球20码 01,02,03,04,05,06,07,09,11,12,13,16,18,19,21,26,27,29,30,31
红球双胆 26,27
红球三胆 26,27,30
蓝球定五码 02,03,05,13,16
红球12码 01,02,05,06,16,18,21,26,27,29,30,31
红球杀三码 24,28,33
红球龙头两码 01,02
红球凤尾两码 30,31
==================军师吴用=================
红球独胆 29
蓝球定三码 03,08,13
红球杀六码 05,12,14,20,21,30
红球25码 01,02,04,06,07,08,09,10,11,13,15,16,17,18,19,23,24,25,26,27,28,29,31,32,33
蓝球杀五码 02,07,11,12,16
红球20码 01,02,04,06,08,09,10,11,13,15,16,17,19,23,25,27,29,31,32,33
红球双胆 29,33
红球三胆 19,29,33
蓝球定五码 03,04,08,09,13
红球12码 04,06,09,10,15,16,19,23,27,29,31,33
红球杀三码 12,14,20
红球龙头两码 04,06
红球凤尾两码 31,33
==================脱口秀=================
红球独胆 25
蓝球定三码 02,10,14
红球杀六码 01,04,08,12,14,16
红球25码 03,05,07,09,10,11,13,15,17,18,19,20,21,22,23,24,25,26,27,28,29,30,31,32,33
蓝球杀五码 01,05,06,12,13
红球20码 03,05,09,11,13,15,17,18,20,21,23,24,25,27,28,29,30,31,32,33
红球双胆 15,25
红球三胆 15,21,25
蓝球定五码 02,03,07,10,14
红球12码 05,09,11,13,15,18,20,21,25,28,29,33
红球杀三码 01,12,16
红球龙头两码 05,09
红球凤尾两码 29,33
==================西坝=================
红球独胆 06
蓝球定三码 04,12,15
红球杀六码 03,05,13,14,16,32
红球25码 01,02,04,06,07,08,09,10,11,12,15,17,18,19,20,22,23,24,26,27,28,29,30,31,33
蓝球杀五码 02,06,08,13,16
红球20码 01,02,04,06,07,08,10,11,12,15,17,18,19,20,23,24,26,27,30,31
红球双胆 06,30
红球三胆 01,06,30
蓝球定五码 03,04,07,12,15
红球12码 01,06,07,12,15,19,20,24,26,27,30,31
红球杀三码 03,05,16
红球龙头两码 01,06
红球凤尾两码 30,31
==================法神=================
红球独胆 06
蓝球定三码 02,05,07
红球杀六码 13,22,24,28,29,30
红球25码 01,02,03,05,06,07,08,09,10,11,12,14,15,16,17,19,20,21,23,25,26,27,31,32,33
蓝球杀五码 09,10,11,12,16
红球20码 01,02,03,05,06,07,09,10,11,15,16,17,19,20,21,23,25,31,32,33
红球双胆 03,06
红球三胆 03,06,25
蓝球定五码 01,02,05,07,14
红球12码 02,03,05,06,09,15,16,17,19,25,31,33
红球杀三码 24,29,30
红球龙头两码 02,03
红球凤尾两码 31,33
==================痛并快乐=================
红球独胆 15
蓝球定三码 04,08,15
红球杀六码 04,08,16,17,22,27
红球25码 01,02,03,05,06,07,09,10,11,12,13,14,15,18,19,20,21,23,24,25,28,30,31,32,33
蓝球杀五码 03,11,13,14,16
红球20码 01,02,03,09,10,11,12,13,14,15,19,20,21,23,24,25,28,30,31,33
红球双胆 15,28
红球三胆 15,19,28
蓝球定五码 01,04,08,12,15
红球12码 01,02,09,12,14,15,19,20,23,25,28,33
红球杀三码 04,16,22
红球龙头两码 01,02
红球凤尾两码 28,33
==================火力全开=================
红球独胆 14
蓝球定三码 07,09,14
红球杀六码 09,16,19,25,30,33
红球25码 01,02,03,04,05,07,10,11,12,13,14,15,17,18,20,21,22,23,24,26,27,28,29,31,32
蓝球杀五码 01,03,05,11,16
红球20码 01,02,03,04,05,07,10,11,12,14,17,20,21,22,23,24,26,27,29,32
红球双胆 14,23
红球三胆 01,14,23
蓝球定五码 06,07,09,10,14
红球12码 01,03,05,07,10,14,22,23,26,27,29,32
红球杀三码 09,19,30
红球龙头两码 01,03
红球凤尾两码 29,32
==================助力=================
红球独胆 19
蓝球定三码 01,04,02
红球杀六码 13
红球25码 19,23,24,11,30,29,33,21,03,12,32,06,07,10,05,27,31,17,16,14
蓝球杀五码 12,08,05,14,09
红球20码 19,23,24,11,30,29,33,21,03,12,32,06,07,10,05,27
红球双胆 19
红球三胆 19,23
蓝球定五码 01,04,02,10,06
红球12码 19,23,24,11,30,29,33,21,03
红球杀三码 13
红球龙头两码 03
红球凤尾两码 30,33
==================忘忧草=================
红球独胆 05
蓝球定三码 01,04,15
红球杀六码 11,12,14,20,25,27
红球25码 01,02,03,04,05,06,07,08,09,10,13,15,16,17,18,19,21,22,24,28,29,30,31,32,33
蓝球杀五码 02,05,08,10,16
红球20码 01,03,04,05,06,08,09,10,15,16,17,19,21,24,28,29,30,31,32,33
红球双胆 05,30
红球三胆 01,05,30
蓝球定五码 01,04,12,14,15
红球12码 01,03,05,08,09,15,16,19,24,28,29,30
红球杀三码 11,12,14
红球龙头两码 01,03
红球凤尾两码 29,30
==================暗渡陈仓=================
红球独胆 27
蓝球定三码 09,11,15
红球杀六码 10,12,18,19,23,33
红球25码 02,03,04,05,06,08,09,11,13,14,15,16,17,20,21,22,24,25,26,27,28,29,30,31,32
蓝球杀五码 01,03,04,10,12
红球20码 02,03,04,06,08,09,11,13,14,15,17,21,22,24,25,26,27,28,30,32
红球双胆 03,27
红球三胆 03,27,28
蓝球定五码 09,11,14,15,16
红球12码 02,03,08,13,14,17,21,25,26,27,28,32
红球杀三码 12,23,33
红球龙头两码 02,03
红球凤尾两码 28,32
==================寻雾=================
红球独胆 12
蓝球定三码 04,05,13
红球杀六码 09,14,20,22,24,25
红球25码 01,03,04,05,06,07,08,10,11,12,13,15,16,17,18,19,21,23,26,27,28,30,31,32,33
蓝球杀五码 01,02,07,08,09
红球20码 01,04,05,06,07,10,11,12,13,15,16,17,18,19,23,26,28,31,32,33
红球双胆 12,16
红球三胆 12,16,26
蓝球定五码 04,05,13,14,15
红球12码 01,06,07,10,12,16,17,19,23,26,28,33
红球杀三码 09,20,22
红球龙头两码 01,06
红球凤尾两码 28,33
==================万神=================
红球独胆 25
蓝球定三码 02,05,12
红球杀六码 02,04,11,14,16,18
红球25码 01,03,05,06,07,08,09,10,12,13,15,19,20,21,22,23,24,25,26,27,28,29,30,31,33
蓝球杀五码 01,06,07,10,14
红球20码 01,03,05,06,07,08,09,10,12,13,19,20,21,22,24,25,26,28,30,33
红球双胆 08,25
红球三胆 08,25,28
蓝球定五码 02,03,05,12,16
红球12码 03,05,08,09,10,12,13,20,22,25,26,28
红球杀三码 14,16,18
红球龙头两码 03,05
红球凤尾两码 26,28
==================莫天命=================
红球独胆 13
蓝球定三码 08,12,14
红球杀六码 01,05,16,21,22,32
红球25码 02,03,04,06,07,08,09,10,11,12,13,14,15,17,18,19,20,24,25,26,27,28,29,30,31
蓝球杀五码 02,05,09,10,16
红球20码 02,03,04,06,07,08,09,11,12,13,14,15,17,18,25,26,27,29,30,31
红球双胆 13,29
红球三胆 08,13,29
蓝球定五码 03,07,08,12,14
红球12码 02,04,08,09,12,13,14,18,25,27,29,31
红球杀三码 01,21,22
红球龙头两码 02,04
红球凤尾两码 29,31
==================双色球达人=================
红球独胆 03
蓝球定三码 03,08,16
红球杀六码 11,15,16,19,21,28
红球25码 01,02,03,04,05,06,07,08,09,12,13,14,18,20,22,23,24,25,26,27,29,30,31,32,33
蓝球杀五码 01,02,11,12,15
红球20码 01,02,03,04,07,09,12,13,14,18,22,23,24,25,26,27,29,30,31,33
红球双胆 03,22
红球三胆 03,22,23
蓝球定五码 03,06,08,14,16
红球12码 02,03,04,13,18,22,23,25,26,27,29,33
红球杀三码 11,15,28
红球龙头两码 02,03
红球凤尾两码 29,33
==================天之骄子=================
红球独胆 25
蓝球定三码 10,12,13
红球杀六码 11,17,18,19,26,32
红球25码 01,02,03,04,05,06,08,09,10,13,14,15,16,20,21,22,23,24,25,27,28,29,30,31,33
蓝球杀五码 02,09,11,15,16
红球20码 01,02,04,05,08,09,10,15,16,20,21,23,24,25,27,28,29,30,31,33
红球双胆 21,25
红球三胆 21,25,30
蓝球定五码 04,08,10,12,13
红球12码 04,05,08,10,16,20,21,25,27,29,30,31
红球杀三码 11,19,26
红球龙头两码 04,05
红球凤尾两码 30,31
==================小糖人=================
红球独胆 14
蓝球定三码 02,06,09
红球杀六码 03,05,19,25,26,29
红球25码 01,02,04,06,07,08,09,10,11,12,13,14,16,17,18,20,22,23,24,27,28,30,31,32,33
蓝球杀五码 01,03,05,08,14
红球20码 01,02,04,06,07,08,10,11,12,14,17,18,22,23,24,27,28,30,31,33
红球双胆 14,22
红球三胆 14,22,31
蓝球定五码 02,06,09,10,11
红球12码 01,02,04,06,08,10,11,12,14,22,28,31
红球杀三码 05,25,29
红球龙头两码 01,02
红球凤尾两码 28,31
==================小仙女=================
红球独胆 32
蓝球定三码 01,15,16
红球杀六码 04,07,10,18,23,31
红球25码 01,02,03,05,06,08,09,11,12,13,14,15,16,17,19,20,21,22,24,25,26,27,29,32,33
蓝球杀五码 03,07,10,11,14
红球20码 02,03,05,06,08,09,11,12,13,14,15,16,17,21,22,25,26,27,29,32
红球双胆 26,32
红球三胆 06,26,32
蓝球定五码 01,06,09,15,16
红球12码 03,06,08,09,11,12,16,17,21,25,26,32
红球杀三码 18,23,31
红球龙头两码 03,06
红球凤尾两码 26,32
==================小豆豆=================
红球独胆 20
蓝球定三码 01,11,12
红球杀六码 13,14,16,17,19,31
红球25码 01,02,03,04,05,06,07,08,09,10,12,15,18,20,21,22,23,24,26,27,28,29,30,32,33
蓝球杀五码 04,09,13,14,16
红球20码 01,02,03,04,06,07,08,10,12,15,18,20,21,22,24,27,28,29,32,33
红球双胆 07,20
红球三胆 07,20,24
蓝球定五码 01,07,08,11,12
红球12码 01,02,04,07,08,10,15,20,21,22,24,28
红球杀三码 14,19,31
红球龙头两码 01,02
红球凤尾两码 24,28
==================维迪尔=================
红球独胆 22
蓝球定三码 02,06,07
红球杀六码 05,07,16,27,30,33
红球25码 01,02,03,04,06,08,09,10,11,12,13,14,15,17,18,19,20,21,22,24,25,26,28,31,32
蓝球杀五码 01,03,04,08,12
红球20码 01,03,06,08,10,11,12,13,15,17,19,20,21,22,24,25,26,28,31,32
红球双胆 01,22
红球三胆 01,08,22
蓝球定五码 02,06,07,09,15
红球12码 01,06,08,11,12,17,19,22,24,28,31,32
红球杀三码 05,27,30
红球龙头两码 01,06
红球凤尾两码 31,32
==================李寒=================
红球独胆 25
蓝球定三码 02,08,13
红球杀六码 03,08,19,27,30,33
红球25码 01,02,04,05,07,09,10,12,13,14,15,16,17,18,20,21,22,23,24,25,26,28,29,31,32
蓝球杀五码 03,10,12,14,16
红球20码 01,02,04,05,07,09,10,12,13,15,16,20,21,23,24,25,26,28,31,32
红球双胆 04,25
红球三胆 04,25,28
蓝球定五码 02,05,08,11,13
红球12码 01,04,05,07,09,15,16,24,25,26,28,32
红球杀三码 03,08,30
红球龙头两码 01,04
红球凤尾两码 28,32
==================孤雁看胆=================
红球独胆 33
蓝球定三码 03,14,15
红球杀六码 08,10,13,15,19,25
红球25码 01,02,03,04,05,06,07,09,11,12,14,16,17,20,21,22,24,26,27,28,29,30,31,32,33
蓝球杀五码 01,04,06,12,13
红球20码 01,03,04,06,07,09,12,14,16,20,21,22,24,26,27,28,29,30,31,33
红球双胆 14,33
红球三胆 14,20,33
蓝球定五码 03,09,10,14,15
红球12码 01,03,04,06,09,14,16,20,26,27,30,33
红球杀三码 08,10,25
红球龙头两码 01,03
红球凤尾两码 30,33
