==================巫妖=================
红球独胆 20
蓝球定三码 05,09,12
红球杀六码 07,11,16,23,29,33
红球25码 01,02,03,04,05,06,08,09,10,13,14,15,17,18,19,20,21,22,24,26,27,28,30,31,32
蓝球杀五码 01,02,07,08,13
红球20码 01,02,03,04,06,08,09,10,14,17,18,20,21,22,26,27,28,30,31,32
红球双胆 04,20
红球三胆 04,20,32
蓝球定五码 05,06,09,12,15
红球12码 01,03,04,08,09,10,17,20,26,30,31,32
红球杀三码 07,16,23
红球龙头两码 01,03
红球凤尾两码 31,32
==================飞花潇雪=================
红球独胆 13
蓝球定三码 06,10,16
红球杀六码 03,09,10,12,24,30
红球25码 02,05,06,07,11,13,14,15,16,17,20,21,22,23,27,28,29,32,33
蓝球杀五码 02,05,08,11,14
红球20码 02,06,07,11,13,14,15,16,17,20,21,22,23,27,28,29,32
红球双胆 13,28
红球三胆 13,28
蓝球定五码 06,10,12,13,16
红球12码 02,06,07,13,15,16,17,20,27,28,32
红球杀三码 09,10,24
红球龙头两码 02,06
红球凤尾两码 32
==================称心码=================
红球独胆 25
蓝球定三码 03,06,15
红球杀六码 02,03,07,08,29,30
红球25码 01,04,06,09,10,11,12,13,15,16,17,18,19,20,21,22,23,24,25,26,27,28,31,32,33
蓝球杀五码 02,07,10,13,14
红球20码 04,06,10,11,15,16,17,18,19,20,21,22,23,24,25,26,27,28,32,33
红球双胆 06,25
红球三胆 06,22,25
蓝球定五码 01,03,04,06,15
红球12码 06,10,15,16,19,21,22,24,25,27,28,33
红球杀三码 02,08,29
红球龙头两码 06,10
红球凤尾两码 28,33
==================真心相待=================
红球独胆 25
蓝球定三码 02,03,13
红球杀六码 02,07,09,21,23,30
红球25码 01,04,05,06,08,10,11,12,13,14,15,16,17,18,19,20,22,24,25,26,27,28,31,32,33
蓝球杀五码 01,05,07,14,16
红球20码 01,04,05,06,08,10,12,13,14,15,17,18,20,24,25,27,28,31,32,33
红球双胆 15,25
红球三胆 12,15,25
蓝球定五码 02,03,10,13,15
红球12码 01,05,08,12,13,15,18,20,24,25,27,28
红球杀三码 07,09,30
红球龙头两码 01,05
红球凤尾两码 27,28
==================暗渡陈仓=================
红球独胆 06
蓝球定三码 02,08,15
红球杀六码 17,20,23,28,30,31
红球25码 01,02,03,04,05,06,07,08,09,11,12,13,14,15,16,18,19,21,22,24,25,26,29,32,33
蓝球杀五码 01,05,09,11,16
红球20码 01,02,03,04,05,06,08,09,11,12,13,15,16,19,21,24,25,29,32,33
红球双胆 06,09
红球三胆 06,09,19
蓝球定五码 02,07,08,14,15
红球12码 02,03,06,09,11,13,15,19,24,25,29,33
红球杀三码 23,28,30
红球龙头两码 02,03
红球凤尾两码 29,33
==================演绎人生=================
红球独胆 21
蓝球定三码 01,05,13
红球杀六码 02,04,11,17,30,31
红球25码 01,03,05,06,07,08,09,10,12,13,14,15,16,19,20,21,22,23,24,25,26,27,28,29,32
蓝球杀五码 03,07,09,10,15
红球20码 03,05,06,07,08,10,12,13,15,16,19,20,21,22,23,25,26,27,29,32
红球双胆 21,29
红球三胆 03,21,29
蓝球定五码 01,05,12,13,16
红球12码 03,06,12,13,15,16,20,21,22,26,27,29
红球杀三码 11,17,30
红球龙头两码 03,06
红球凤尾两码 27,29
==================东方卫视=================
红球独胆 03
蓝球定三码 11,13,14
红球杀六码 01,04,10,19,23,26
红球25码 02,03,06,07,08,09,11,12,13,14,15,16,17,18,20,21,22,25,27,28,29,30,31,32,33
蓝球杀五码 02,04,06,08,10
红球20码 02,03,07,08,11,12,13,14,15,16,17,18,21,22,25,27,29,30,31,33
红球双胆 03,33
红球三胆 03,11,33
蓝球定五码 07,11,12,13,14
红球12码 02,03,07,11,12,14,16,17,18,21,22,33
红球杀三码 10,19,26
红球龙头两码 02,03
红球凤尾两码 22,33
==================完美运程=================
红球独胆 01
蓝球定三码 02,12,13
红球杀六码 03,12,23,27,31,32
红球25码 01,02,04,06,07,08,09,10,11,13,14,15,16,17,18,19,20,21,22,24,25,28,29,30,33
蓝球杀五码 01,07,08,10,14
红球20码 01,02,06,07,09,10,11,13,16,17,18,20,21,22,24,25,28,29,30,33
红球双胆 01,11
红球三胆 01,10,11
蓝球定五码 02,06,09,12,13
红球12码 01,02,09,10,11,13,16,18,20,21,28,29
红球杀三码 03,12,27
红球龙头两码 01,02
红球凤尾两码 28,29
==================蜗蜗牛=================
红球独胆 06
蓝球定三码 06,10,14
红球杀六码 07,09,12,16,28,31
红球25码 01,02,03,04,05,06,08,10,13,15,17,18,19,20,21,22,23,24,25,26,27,29,30,32,33
蓝球杀五码 08,09,12,15,16
红球20码 02,04,06,08,10,13,15,17,18,19,20,21,22,23,26,27,29,30,32,33
红球双胆 06,26
红球三胆 06,26,33
蓝球定五码 03,05,06,10,14
红球12码 02,04,06,10,13,17,19,20,26,29,30,33
红球杀三码 09,12,28
红球龙头两码 02,04
红球凤尾两码 30,33
==================第二神=================
红球独胆 04
蓝球定三码 01,13,14
红球杀六码 05,07,09,10,17,22
红球25码 01,02,03,04,06,08,11,12,13,14,16,18,19,20,21,23,25,26,27,28,29,30,31,32,33
蓝球杀五码 05,07,10,15,16
红球20码 01,02,03,04,06,08,13,14,16,18,19,20,21,23,26,28,29,30,31,33
红球双胆 04,13
红球三胆 04,13,23
蓝球定五码 01,04,09,13,14
红球12码 01,04,06,08,13,18,20,23,26,28,29,30
红球杀三码 07,17,22
红球龙头两码 01,04
红球凤尾两码 29,30
==================李寒=================
红球独胆 15
蓝球定三码 02,06,07
红球杀六码 03,04,07,12,18,19
红球25码 01,02,05,06,08,09,10,11,13,14,15,16,17,20,21,23,24,25,26,27,28,29,31,32,33
蓝球杀五码 05,10,13,14,15
红球20码 01,02,05,08,11,13,14,15,16,20,21,23,25,26,27,28,29,31,32,33
红球双胆 15,23
红球三胆 08,15,23
蓝球定五码 01,02,06,07,08
红球12码 01,02,05,08,11,15,20,21,23,29,31,33
红球杀三码 07,12,18
红球龙头两码 01,02
红球凤尾两码 31,33
==================狐王=================
红球独胆 06
蓝球定三码 08,10,11
红球杀六码 01,07,08,10,24,33
红球25码 02,03,04,05,06,09,11,12,13,14,16,17,18,19,20,21,22,23,25,26,27,29,30,31,32
蓝球杀五码 01,03,04,06,12
红球20码 02,03,05,06,09,11,14,16,17,19,20,21,22,23,25,27,29,30,31,32
红球双胆 06,19
红球三胆 06,14,19
蓝球定五码 02,07,08,10,11
红球12码 03,05,06,11,14,16,19,23,25,29,30,32
红球杀三码 07,10,24
红球龙头两码 03,05
红球凤尾两码 30,32
==================幽冉=================
红球独胆 01
蓝球定三码 07,12,15
红球杀六码 02,04,19,23,31,33
红球25码 01,03,05,06,07,08,09,11,12,13,14,15,16,18,20,21,22,24,25,26,27,28,29,30,32
蓝球杀五码 01,08,10,13,14
红球20码 01,03,05,07,08,09,11,12,13,14,18,20,21,22,24,25,26,28,30,32
红球双胆 01,22
红球三胆 01,22,25
蓝球定五码 05,07,09,12,15
红球12码 01,05,09,14,18,20,21,22,24,25,30,32
红球杀三码 04,19,33
红球龙头两码 01,05
红球凤尾两码 30,32
==================惊天危机=================
红球独胆 30
蓝球定三码 08,09,10
红球杀六码 06,13,19,20,21,33
红球25码 01,02,03,04,05,07,08,10,12,14,15,16,17,18,22,23,24,25,26,27,28,29,30,31,32
蓝球杀五码 04,06,11,13,15
红球20码 01,02,03,04,07,08,10,12,14,15,16,17,22,24,26,27,28,30,31,32
红球双胆 08,30
红球三胆 08,17,30
蓝球定五码 08,09,10,12,16
红球12码 01,02,03,07,08,16,17,22,27,30,31,32
红球杀三码 06,13,19
红球龙头两码 01,02
红球凤尾两码 31,32
==================格兰雄狮=================
红球独胆 17
蓝球定三码 01,04,16
红球杀六码 06,11,14,23,29,31
红球25码 01,02,03,04,05,07,08,10,12,13,15,16,17,18,19,20,21,22,24,25,26,27,28,30,33
蓝球杀五码 02,05,09,10,15
红球20码 01,02,03,04,05,07,08,12,13,15,16,17,18,19,21,24,26,27,30,33
红球双胆 17,21
红球三胆 04,17,21
蓝球定五码 01,03,04,11,16
红球12码 04,07,08,12,13,15,16,17,21,24,26,33
红球杀三码 06,11,14
红球龙头两码 04,07
红球凤尾两码 26,33
==================助力=================
红球独胆 05
蓝球定三码 08,06,10
红球杀六码 01,12,09,30,27,18
红球25码 05,04,24,23,07,16,10,19,26,13,15,33,06,02,08,25,32,22,28,31,03,20,17,29,21
蓝球杀五码 13,05,03,07,12
红球20码 05,04,24,23,07,16,10,19,26,13,15,33,06,02,08,25,32,22,28,31
红球双胆 05,04
红球三胆 05,04,24
蓝球定五码 08,06,10,11,15
红球12码 05,04,24,23,07,16,10,19,26,13,15,33
红球杀三码 01,12,09
红球龙头两码 04,05
红球凤尾两码 26,33
==================忘忧草=================
红球独胆 10
蓝球定三码 04,08,14
红球杀六码 01,06,23,28,31,32
红球25码 02,03,04,05,07,08,09,10,11,12,13,14,15,16,17,18,19,21,22,24,25,26,27,29,30
蓝球杀五码 03,05,07,10,16
红球20码 02,03,04,05,08,09,10,11,12,13,14,16,17,18,21,22,24,25,26,29
红球双胆 10,12
红球三胆 04,10,12
蓝球定五码 04,08,09,14,15
红球12码 04,05,08,10,11,12,16,18,21,24,25,29
红球杀三码 23,31,32
红球龙头两码 04,05
红球凤尾两码 25,29
==================寻雾=================
红球独胆 27
蓝球定三码 04,06,07
红球杀六码 04,17,18,19,23,32
红球25码 01,03,05,06,07,08,09,10,11,12,13,14,15,16,20,21,24,25,26,27,28,29,30,31,33
蓝球杀五码 03,09,11,15,16
红球20码 01,05,06,07,08,10,11,12,13,14,15,20,24,25,26,27,28,29,30,33
红球双胆 12,27
红球三胆 12,25,27
蓝球定五码 04,06,07,12,14
红球12码 01,05,06,07,10,11,12,25,26,27,29,30
红球杀三码 17,18,19
红球龙头两码 01,05
红球凤尾两码 29,30
==================万神=================
红球独胆 32
蓝球定三码 09,10,13
红球杀六码 04,16,19,22,25,28
红球25码 01,02,03,05,07,08,09,10,11,12,13,14,15,18,20,21,23,24,26,27,29,30,31,32,33
蓝球杀五码 02,03,06,14,15
红球20码 01,02,05,07,08,09,10,11,12,13,15,21,24,26,27,29,30,31,32,33
红球双胆 30,32
红球三胆 30,32,33
蓝球定五码 07,08,09,10,13
红球12码 07,09,10,12,15,26,27,29,30,31,32,33
红球杀三码 16,19,25
红球龙头两码 07,09
红球凤尾两码 32,33
==================天宇=================
红球独胆 24
蓝球定三码 03,14,16
红球杀六码 01,05,08,13,17,22
红球25码 03,04,06,07,09,10,11,12,14,16,18,19,20,21,23,24,25,26,27,28,29,30,31,32,33
蓝球杀五码 01,04,07,08,12
红球20码 04,06,07,10,11,12,16,18,19,21,23,24,25,26,28,29,30,31,32,33
红球双胆 04,24
红球三胆 04,24,32
蓝球定五码 03,05,10,14,16
红球12码 04,06,10,11,12,16,18,19,24,25,26,32
红球杀三码 08,13,22
红球龙头两码 04,06
红球凤尾两码 26,32
==================四通八达=================
红球独胆 32
蓝球定三码 03,06,09
红球杀六码 03,06,11,18,23,28
红球25码 01,02,04,05,07,08,10,12,13,14,15,16,17,19,20,21,24,25,26,27,29,30,31,32,33
蓝球杀五码 02,04,05,07,15
红球20码 01,04,05,07,08,10,12,13,14,15,16,17,19,21,25,27,29,30,31,32
红球双胆 14,32
红球三胆 14,30,32
蓝球定五码 01,03,06,09,11
红球12码 01,07,08,13,14,17,19,21,27,29,30,32
红球杀三码 06,11,18
红球龙头两码 01,07
红球凤尾两码 30,32
==================百炼成钢=================
红球独胆 19
蓝球定三码 05,06,11
红球杀六码 03,06,18,25,29,31
红球25码 01,02,04,05,07,08,09,10,11,12,13,14,16,17,19,20,22,23,24,26,27,28,30,32,33
蓝球杀五码 01,02,03,04,14
红球20码 01,02,05,07,08,09,10,12,13,14,17,19,22,23,24,27,28,30,32,33
红球双胆 19,28
红球三胆 09,19,28
蓝球定五码 05,06,09,11,13
红球12码 07,08,09,14,17,19,22,23,24,28,32,33
红球杀三码 18,25,31
红球龙头两码 07,08
红球凤尾两码 32,33
==================西川达子=================
红球独胆 30
蓝球定三码 10,11,13
红球杀六码 07,13,15,23,31,33
红球25码 01,02,04,05,06,09,10,11,12,14,16,17,18,19,20,21,22,24,25,26,27,28,29,30,32
蓝球杀五码 03,06,14,15,16
红球20码 02,04,05,09,10,11,12,14,17,18,19,20,22,24,25,27,28,29,30,32
红球双胆 22,30
红球三胆 04,22,30
蓝球定五码 02,09,10,11,13
红球12码 04,10,11,12,17,20,22,24,25,28,29,30
红球杀三码 13,15,23
红球龙头两码 04,10
红球凤尾两码 29,30
==================莫天命=================
红球独胆 12
蓝球定三码 01,05,10
红球杀六码 08,13,15,20,27,28
红球25码 01,02,03,04,05,07,09,10,11,12,14,16,17,18,19,21,22,23,24,25,26,29,30,31,32
蓝球杀五码 03,07,13,14,15
红球20码 01,02,04,07,09,11,12,16,17,18,19,21,22,24,25,26,29,30,31,32
红球双胆 12,18
红球三胆 09,12,18
蓝球定五码 01,05,06,10,11
红球12码 01,07,09,12,17,18,19,21,22,26,31,32
红球杀三码 15,20,28
红球龙头两码 01,07
红球凤尾两码 31,32
==================薄彩在身=================
红球独胆 10
蓝球定三码 03,08,09
红球杀六码 01,09,12,14,18,26
红球25码 02,03,04,05,06,07,08,10,11,13,15,16,17,19,20,21,22,23,25,28,29,30,31,32,33
蓝球杀五码 02,07,11,14,16
红球20码 02,03,05,06,07,08,10,11,13,15,17,19,20,23,28,29,30,31,32,33
红球双胆 10,33
红球三胆 03,10,33
蓝球定五码 01,03,04,08,09
红球12码 02,03,07,10,11,13,19,28,29,30,31,33
红球杀三码 14,18,26
红球龙头两码 02,03
红球凤尾两码 31,33
==================百事大吉=================
红球独胆 22
蓝球定三码 01,14,15
红球杀六码 03,06,08,09,23,31
红球25码 01,02,04,05,07,10,11,12,14,16,17,18,19,20,21,22,24,25,26,27,28,29,30,32,33
蓝球杀五码 02,03,10,11,12
红球20码 01,02,04,05,07,10,11,12,16,19,20,21,22,24,26,27,28,29,30,33
红球双胆 22,28
红球三胆 22,28,33
蓝球定五码 01,07,09,14,15
红球12码 02,04,05,10,11,12,19,20,22,26,28,33
红球杀三码 03,08,31
红球龙头两码 02,04
红球凤尾两码 28,33
==================双色球达人=================
红球独胆 20
蓝球定三码 07,08,13
红球杀六码 02,08,16,19,25,32
红球25码 03,04,05,06,07,09,11,12,13,14,15,17,18,20,21,22,23,24,26,27,28,29,30,31,33
蓝球杀五码 02,06,10,11,16
红球20码 03,05,06,07,09,12,13,14,15,17,20,21,23,24,26,27,29,30,31,33
红球双胆 20,24
红球三胆 20,24,26
蓝球定五码 03,05,07,08,13
红球12码 03,05,06,09,12,14,20,24,26,27,29,30
红球杀三码 08,16,19
红球龙头两码 03,05
红球凤尾两码 29,30
==================小仙女=================
红球独胆 17
蓝球定三码 01,06,10
红球杀六码 06,07,09,10,20,32
红球25码 01,02,03,04,05,08,11,14,15,16,17,18,19,21,22,23,24,25,26,27,28,29,30,31,33
蓝球杀五码 03,12,13,14,16
红球20码 01,02,03,04,08,11,14,15,16,17,18,21,22,23,25,26,28,30,31,33
红球双胆 17,21
红球三胆 17,18,21
蓝球定五码 01,05,06,09,10
红球12码 04,08,11,16,17,18,21,26,28,30,31,33
红球杀三码 09,10,32
红球龙头两码 04,08
红球凤尾两码 31,33
==================天之骄子=================
红球独胆 15
蓝球定三码 08,09,15
红球杀六码 01,09,20,26,28,33
红球25码 02,03,04,05,06,07,08,10,11,12,13,14,15,16,17,18,19,22,23,25,27,29,30,31,32
蓝球杀五码 06,10,11,12,16
红球20码 02,03,04,07,08,10,11,13,14,15,16,17,18,19,22,23,25,29,30,32
红球双胆 15,18
红球三胆 15,18,23
蓝球定五码 05,07,08,09,15
红球12码 07,08,11,14,15,16,18,22,23,29,30,32
红球杀三码 20,28,33
红球龙头两码 07,08
红球凤尾两码 30,32
==================小豆豆=================
红球独胆 10
蓝球定三码 05,11,16
红球杀六码 02,07,09,20,21,32
红球25码 01,03,04,05,06,08,10,11,12,14,15,16,17,18,19,22,23,24,25,26,27,29,30,31,33
蓝球杀五码 02,03,07,09,12
红球20码 01,03,05,06,10,12,14,15,16,17,19,22,23,25,26,27,29,30,31,33
红球双胆 01,10
红球三胆 01,10,12
蓝球定五码 05,11,13,15,16
红球12码 01,05,10,12,16,19,22,26,27,30,31,33
红球杀三码 09,20,21
红球龙头两码 01,05
红球凤尾两码 31,33
==================连连碰=================
红球独胆 15
蓝球定三码 04,11,14
红球杀六码 06,09,24,25,32,33
红球25码 01,02,03,04,05,07,08,10,11,13,14,15,16,18,19,20,21,22,23,26,27,28,29,30,31
蓝球杀五码 03,05,06,10,12
红球20码 01,02,03,05,07,08,11,13,14,15,16,18,19,21,22,23,27,28,29,31
红球双胆 15,29
红球三胆 15,22,29
蓝球定五码 04,07,11,14,16
红球12码 01,03,05,08,14,15,19,21,22,27,28,29
红球杀三码 06,24,32
红球龙头两码 01,03
红球凤尾两码 28,29
==================西龙=================
红球独胆 06
蓝球定三码 05,07,16
红球杀六码 11,12,16,23,27,29
红球25码 01,02,03,04,05,06,07,08,09,10,14,15,17,18,19,20,21,22,24,25,26,28,31,32,33
蓝球杀五码 01,03,04,12,15
红球20码 01,02,03,04,05,06,07,08,09,14,18,19,21,22,25,26,28,31,32,33
红球双胆 06,32
红球三胆 06,08,32
蓝球定五码 05,07,09,14,16
红球12码 02,03,05,06,07,08,18,19,21,22,26,32
红球杀三码 16,27,29
红球龙头两码 02,03
红球凤尾两码 26,32
==================潮人=================
红球独胆 06
蓝球定三码 06,08,15
红球杀六码 04,09,21,30,32,33
红球25码 01,02,03,05,06,07,08,10,11,13,14,15,16,17,18,19,20,23,24,25,26,27,28,29,31
蓝球杀五码 01,02,05,11,13
红球20码 02,03,05,06,07,08,10,11,13,14,15,16,17,20,23,24,25,26,28,31
红球双胆 06,23
红球三胆 06,15,23
蓝球定五码 06,08,09,15,16
红球12码 02,03,05,06,07,10,15,20,23,24,26,31
红球杀三码 04,30,32
红球龙头两码 02,03
红球凤尾两码 26,31
==================丹姿=================
红球独胆 33
蓝球定三码 08,12,16
红球杀六码 06,09,11,14,15,24
红球25码 01,02,03,04,05,07,08,10,12,13,16,17,18,19,20,21,22,23,25,27,29,30,31,32,33
蓝球杀五码 01,05,09,11,14
红球20码 01,02,04,05,07,08,10,12,13,17,18,19,20,21,22,23,25,30,32,33
红球双胆 22,33
红球三胆 02,22,33
蓝球定五码 03,06,08,12,16
红球12码 02,07,10,13,18,19,21,22,23,25,32,33
红球杀三码 06,14,15
红球龙头两码 02,07
红球凤尾两码 32,33
==================痛并快乐=================
红球独胆 03
蓝球定三码 02,03,04
红球杀六码 22,23,24,29,31,33
红球25码 01,02,03,04,05,06,07,08,09,10,11,12,13,14,15,16,19,20,21,25,26,27,28,30,32
蓝球杀五码 06,07,08,13,14
红球20码 01,02,03,04,05,06,07,12,13,14,15,16,19,20,25,26,27,28,30,32
红球双胆 03,28
红球三胆 03,20,28
蓝球定五码 02,03,04,12,15
红球12码 01,03,04,06,12,13,14,16,19,20,25,28
红球杀三码 24,29,31
红球龙头两码 01,03
红球凤尾两码 25,28
==================达达=================
红球独胆 09
蓝球定三码 16,01,02
红球杀六码 08,16,20,21,27,30
红球25码 01,02,03,04,05,06,07,09,10,12,13,14,15,17,18,19,22,23,24,25,28,29,31,32,33
蓝球杀五码 09,08,07,06,05
红球20码 02,03,04,05,06,07,09,10,12,14,15,17,18,19,23,24,28,29,32,33
红球双胆 09,17
红球三胆 09,17,24
蓝球定五码 10,16,01,02,03
红球12码 02,05,09,10,14,15,17,23,24,29,32,33
红球杀三码 08,16,20
红球龙头两码 05,15
红球凤尾两码 29,33
==================彩天地=================
红球独胆 23
蓝球定三码 01,03,05
红球杀六码 02,08,09,13,18,21
红球25码 01,03,04,05,06,07,10,11,12,14,15,16,17,19,22,23,24,25,27,28,29,30,31,32,33
蓝球杀五码 02,07,09,12,13
红球20码 01,05,06,07,10,11,14,15,16,17,22,23,24,25,27,28,30,31,32,33
红球双胆 16,23
红球三胆 07,16,23
蓝球定五码 01,03,05,08,11
红球12码 07,11,16,17,22,23,24,25,27,30,32,33
红球杀三码 02,13,21
红球龙头两码 07,11
红球凤尾两码 32,33
==================谁与争锋=================
红球独胆 10
蓝球定三码 01,05,14
红球杀六码 07,15,20,25,29,32
红球25码 01,02,04,05,06,08,09,10,11,12,13,14,16,17,18,19,21,22,23,26,27,28,30,31,33
蓝球杀五码 09,10,13,15,16
红球20码 01,02,04,05,08,09,10,11,12,13,16,17,18,21,22,23,27,28,31,33
红球双胆 10,27
红球三胆 04,10,27
蓝球定五码 01,02,05,06,14
红球12码 02,04,05,08,09,10,11,12,17,27,28,31
红球杀三码 07,15,20
红球龙头两码 02,04
红球凤尾两码 28,31
==================清风雪舞=================
红球独胆 24
蓝球定三码 10,15,16
红球杀六码 02,04,05,10,19,26
红球25码 01,03,06,07,08,09,11,12,13,14,15,16,17,18,20,21,22,23,24,25,27,29,30,31,32
蓝球杀五码 06,07,11,13,14
红球20码 03,06,07,08,09,11,13,14,15,16,17,18,20,22,23,24,27,29,30,31
红球双胆 24,29
红球三胆 08,24,29
蓝球定五码 04,05,10,15,16
红球12码 06,07,08,09,11,15,16,23,24,27,29,31
红球杀三码 02,10,26
红球龙头两码 06,07
红球凤尾两码 29,31
==================孤雁看胆=================
红球独胆 31
蓝球定三码 03,06,09
红球杀六码 06,12,13,21,27,30
红球25码 01,02,03,04,05,08,09,10,11,14,15,16,17,18,19,20,22,23,25,26,28,29,31,32,33
蓝球杀五码 05,07,08,12,13
红球20码 01,03,04,05,08,09,10,15,16,17,18,19,20,25,26,28,29,31,32,33
红球双胆 15,31
红球三胆 05,15,31
蓝球定五码 01,03,06,09,15
红球12码 05,09,10,15,16,17,18,19,20,28,29,31
红球杀三码 06,13,21
红球龙头两码 05,09
红球凤尾两码 29,31
==================军师吴用=================
红球独胆 04
蓝球定三码 03,05,13
红球杀六码 07,12,13,15,21,28
红球25码 01,02,03,04,05,06,08,09,10,11,14,16,17,18,20,23,24,25,26,27,29,30,31,32,33
蓝球杀五码 04,06,07,10,11
红球20码 01,02,04,05,09,14,16,17,18,20,23,24,25,26,27,29,30,31,32,33
红球双胆 04,24
红球三胆 04,05,24
蓝球定五码 03,05,08,12,13
红球12码 02,04,05,14,17,18,24,25,27,29,30,32
红球杀三码 07,12,28
红球龙头两码 02,04
红球凤尾两码 30,32
==================脱口秀=================
红球独胆 10
蓝球定三码 03,10,12
红球杀六码 03,04,14,30,32,33
红球25码 01,02,05,06,08,09,10,11,13,15,16,17,18,19,20,21,22,23,24,25,26,27,28,29,31
蓝球杀五码 02,05,08,09,15
红球20码 01,02,05,08,09,10,11,13,15,16,18,19,20,21,23,24,25,26,27,31
红球双胆 01,10
红球三胆 01,10,19
蓝球定五码 03,04,10,11,12
红球12码 01,02,05,08,10,15,16,19,20,21,24,25
红球杀三码 04,30,33
红球龙头两码 01,02
红球凤尾两码 24,25
==================西坝=================
红球独胆 07
蓝球定三码 04,12,15
红球杀六码 01,05,22,23,24,33
红球25码 02,03,04,06,07,09,10,11,12,13,14,15,16,17,18,19,21,25,26,27,28,29,30,31,32
蓝球杀五码 01,06,07,13,16
红球20码 02,03,04,07,10,11,12,13,14,15,16,17,18,19,21,26,27,28,29,32
红球双胆 03,07
红球三胆 03,07,10
蓝球定五码 04,05,10,12,15
红球12码 03,07,10,12,14,15,17,18,19,27,28,29
红球杀三码 01,22,23
红球龙头两码 03,07
红球凤尾两码 28,29
==================法神=================
红球独胆 06
蓝球定三码 04,08,11
红球杀六码 05,07,16,20,22,33
红球25码 02,03,04,06,08,09,10,11,12,13,14,15,17,18,19,21,23,24,25,26,27,29,30,31,32
蓝球杀五码 05,06,09,10,15
红球20码 03,04,06,08,09,10,11,12,13,14,15,17,18,21,23,24,26,27,30,31
红球双胆 06,27
红球三胆 06,12,27
蓝球定五码 03,04,08,11,13
红球12码 04,06,09,12,13,14,18,23,26,27,30,31
红球杀三码 16,20,33
红球龙头两码 04,06
红球凤尾两码 30,31
==================小糖人=================
红球独胆 26
蓝球定三码 01,09,12
红球杀六码 05,09,10,13,29,30
红球25码 01,02,04,06,07,11,12,14,15,16,17,18,19,20,21,22,23,24,25,26,27,28,31,32,33
蓝球杀五码 03,13,14,15,16
红球20码 01,02,04,06,07,11,14,16,17,21,22,23,24,25,26,27,28,31,32,33
红球双胆 22,26
红球三胆 22,26,28
蓝球定五码 01,04,06,09,12
红球12码 04,06,07,14,21,22,23,24,26,27,28,31
红球杀三码 05,09,29
红球龙头两码 04,06
红球凤尾两码 28,31
==================火力全开=================
红球独胆 03
蓝球定三码 03,07,13
红球杀六码 02,06,18,23,24,30
红球25码 01,03,04,05,07,08,09,10,11,12,13,15,16,17,19,20,21,22,25,26,27,28,29,31,33
蓝球杀五码 01,02,12,14,16
红球20码 03,04,05,07,08,09,10,12,13,15,16,19,20,21,25,26,28,29,31,33
红球双胆 03,15
红球三胆 03,05,15
蓝球定五码 03,07,08,10,13
红球12码 03,04,05,09,10,15,16,19,20,25,26,29
红球杀三码 23,24,30
红球龙头两码 03,04
红球凤尾两码 26,29
==================维迪尔=================
红球独胆 01
蓝球定三码 01,09,10
红球杀六码 06,13,14,15,24,27
红球25码 01,03,04,05,07,08,09,10,11,12,16,17,18,19,20,21,22,23,25,26,28,29,30,31,32
蓝球杀五码 05,06,07,12,14
红球20码 01,03,04,05,08,10,11,12,17,18,19,21,22,23,25,26,28,29,30,32
红球双胆 01,08
红球三胆 01,05,08
蓝球定五码 01,03,08,09,10
红球12码 01,03,04,05,08,11,12,18,22,23,26,30
红球杀三码 06,13,15
红球龙头两码 01,03
红球凤尾两码 26,30
