==================西龙=================
红球独胆 16
蓝球定三码 06,11,12
红球杀六码 03,05,06,10,17,28
红球25码 01,02,04,07,08,09,11,12,13,14,15,16,19,20,21,22,24,25,26,27,29,30,31,32,33
蓝球杀五码 01,03,07,10,14
红球20码 01,02,04,07,09,12,13,14,15,16,20,21,22,25,26,27,29,30,31,33
红球双胆 16,22
红球三胆 01,16,22
蓝球定五码 02,06,09,11,12
红球12码 01,07,12,13,14,16,21,22,27,30,31,33
红球杀三码 05,06,28
红球龙头两码 01,07
红球凤尾两码 31,33
==================狐王=================
红球独胆 28
蓝球定三码 04,08,14
红球杀六码 08,13,27,31,32,33
红球25码 01,02,03,04,05,06,07,10,11,14,15,16,17,18,19,20,21,22,23,24,25,26,28,29,30
蓝球杀五码 01,03,06,11,16
红球20码 01,02,04,05,07,10,14,15,16,17,18,19,20,21,22,23,26,28,29,30
红球双胆 07,28
红球三胆 05,07,28
蓝球定五码 02,04,08,10,14
红球12码 02,05,07,14,15,16,17,18,20,21,26,28
红球杀三码 27,31,33
红球龙头两码 02,05
红球凤尾两码 26,28
==================飞花潇雪=================
红球独胆 07
蓝球定三码 06,09,15
红球杀六码 13,33
红球25码 02,05,06,07,08,09,12,14,15,16,17,18,20,21,25,26,27,28,29,31,32
蓝球杀五码 03,05,08,10,13
红球20码 02,05,06,07,08,09,12,14,15,16,17,18,20,21,26,27,29,31
红球双胆 07,16
红球三胆 06,07,16
蓝球定五码 01,04,06,09,15
红球12码 02,06,07,09,15,16,20,21,29,31
红球杀三码 33
红球龙头两码 06,07
红球凤尾两码 29,31
==================格兰雄狮=================
红球独胆 06
蓝球定三码 01,04,14
红球杀六码 01,08,17,21,26,31
红球25码 03,04,05,06,07,09,10,12,13,14,15,16,18,19,20,22,23,24,25,27,28,29,30,32,33
蓝球杀五码 02,06,09,11,15
红球20码 05,06,07,09,10,13,14,15,16,18,19,20,22,23,24,25,28,29,30,33
红球双胆 06,24
红球三胆 06,20,24
蓝球定五码 01,04,07,14,16
红球12码 05,06,07,09,13,15,16,20,22,23,24,30
红球杀三码 01,21,26
红球龙头两码 05,06
红球凤尾两码 24,30
==================巫妖=================
红球独胆 19
蓝球定三码 03,07,11
红球杀六码 05,10,15,20,21,32
红球25码 01,02,04,06,07,09,11,12,13,14,16,17,18,19,22,23,24,25,26,27,28,29,30,31,33
蓝球杀五码 02,04,06,13,15
红球20码 01,02,04,06,07,09,11,14,16,18,19,22,23,24,25,26,27,28,31,33
红球双胆 11,19
红球三胆 11,18,19
蓝球定五码 03,07,11,14,16
红球12码 01,02,07,09,11,14,18,19,22,23,24,31
红球杀三码 05,10,20
红球龙头两码 01,02
红球凤尾两码 24,31
==================完美运程=================
红球独胆 03
蓝球定三码 07,15,16
红球杀六码 06,07,10,17,20,31
红球25码 01,02,03,04,05,08,09,11,12,13,14,15,16,19,21,22,24,25,26,27,28,29,30,32,33
蓝球杀五码 01,06,08,09,14
红球20码 01,02,03,04,05,08,11,12,13,14,15,19,21,22,24,26,28,30,32,33
红球双胆 03,21
红球三胆 03,21,28
蓝球定五码 02,05,07,15,16
红球12码 02,03,04,05,11,15,21,22,24,26,28,30
红球杀三码 06,20,31
红球龙头两码 02,03
红球凤尾两码 28,30
==================连连碰=================
红球独胆 12
蓝球定三码 07,12,14
红球杀六码 04,08,14,23,27,31
红球25码 01,02,03,05,06,07,09,11,12,13,15,16,17,18,19,20,21,22,24,25,28,29,30,32,33
蓝球杀五码 01,02,06,11,15
红球20码 01,05,06,07,11,12,13,15,17,18,19,20,21,22,24,25,28,29,30,32
红球双胆 12,19
红球三胆 01,12,19
蓝球定五码 07,10,12,13,14
红球12码 01,05,06,07,12,15,17,18,19,29,30,32
红球杀三码 08,14,31
红球龙头两码 01,05
红球凤尾两码 30,32
==================潮人=================
红球独胆 32
蓝球定三码 06,10,13
红球杀六码 05,20,21,25,26,33
红球25码 01,02,03,04,06,07,08,10,11,12,13,14,15,16,17,18,19,23,24,27,28,29,30,31,32
蓝球杀五码 05,07,08,09,14
红球20码 03,04,06,07,08,11,12,13,14,15,16,17,19,23,24,27,29,30,31,32
红球双胆 07,32
红球三胆 07,27,32
蓝球定五码 02,06,10,12,13
红球12码 03,07,08,14,16,17,19,23,24,27,30,32
红球杀三码 05,21,25
红球龙头两码 03,07
红球凤尾两码 30,32
==================称心码=================
红球独胆 11
蓝球定三码 06,07,12
红球杀六码 10,14,16,17,27,31
红球25码 01,02,04,05,06,07,08,09,11,12,15,18,19,20,21,22,23,24,25,26,28,29,30,32,33
蓝球杀五码 04,09,10,14,15
红球20码 02,05,06,07,09,11,15,18,19,20,21,22,24,25,26,28,29,30,32,33
红球双胆 11,18
红球三胆 11,18,24
蓝球定五码 06,07,12,13,16
红球12码 06,11,15,18,19,20,21,24,25,28,30,32
红球杀三码 14,16,27
红球龙头两码 06,11
红球凤尾两码 30,32
==================惊天危机=================
红球独胆 24
蓝球定三码 04,11,13
红球杀六码 01,07,21,25,27,31
红球25码 02,03,04,05,06,08,09,10,11,13,14,16,17,18,19,20,22,23,24,26,28,29,30,32,33
蓝球杀五码 01,02,10,14,16
红球20码 02,03,04,05,06,09,10,13,14,16,17,18,22,23,24,26,28,30,32,33
红球双胆 23,24
红球三胆 04,23,24
蓝球定五码 04,05,09,11,13
红球12码 02,04,05,09,14,16,17,22,23,24,32,33
红球杀三码 07,25,27
红球龙头两码 02,04
红球凤尾两码 32,33
==================天宇=================
红球独胆 13
蓝球定三码 02,05,12
红球杀六码 11,14,19,21,23,26
红球25码 01,02,03,04,05,06,07,08,09,10,12,13,15,16,17,18,20,24,25,27,28,29,30,31,33
蓝球杀五码 03,06,08,15,16
红球20码 01,03,04,05,06,07,08,10,12,13,15,17,18,24,25,27,28,30,31,33
红球双胆 03,13
红球三胆 03,06,13
蓝球定五码 02,05,10,12,13
红球12码 03,06,07,08,10,13,15,24,25,27,28,30
红球杀三码 21,23,26
红球龙头两码 03,06
红球凤尾两码 28,30
==================四通八达=================
红球独胆 12
蓝球定三码 10,11,13
红球杀六码 03,05,16,20,31,33
红球25码 01,02,04,06,07,09,10,11,12,13,14,15,17,18,19,21,22,23,24,25,27,28,29,30,32
蓝球杀五码 02,03,04,08,15
红球20码 01,02,04,07,10,11,12,13,14,15,18,19,23,24,25,27,28,29,30,32
红球双胆 12,32
红球三胆 12,19,32
蓝球定五码 01,05,10,11,13
红球12码 04,07,10,11,12,15,18,19,23,25,30,32
红球杀三码 03,20,33
红球龙头两码 04,07
红球凤尾两码 30,32
==================清风雪舞=================
红球独胆 26
蓝球定三码 03,08,09
红球杀六码 02,05,21,24,25,28
红球25码 01,03,04,07,08,10,11,12,13,14,15,16,17,18,19,20,22,23,26,27,29,30,31,32,33
蓝球杀五码 05,06,10,14,15
红球20码 03,04,07,08,10,11,12,15,17,19,20,22,23,26,27,29,30,31,32,33
红球双胆 07,26
红球三胆 04,07,26
蓝球定五码 01,03,07,08,09
红球12码 03,04,07,08,12,15,20,26,27,29,30,33
红球杀三码 02,05,25
红球龙头两码 03,04
红球凤尾两码 30,33
==================百事大吉=================
红球独胆 33
蓝球定三码 01,07,13
红球杀六码 08,15,20,22,28,29
红球25码 01,02,03,04,05,07,09,10,11,12,13,14,16,17,18,19,21,24,25,26,27,30,31,32,33
蓝球杀五码 05,09,11,14,15
红球20码 01,02,03,04,07,11,13,14,16,17,18,19,21,24,25,26,27,30,32,33
红球双胆 21,33
红球三胆 03,21,33
蓝球定五码 01,04,07,13,16
红球12码 01,03,04,07,13,18,19,21,26,27,30,33
红球杀三码 20,28,29
红球龙头两码 01,03
红球凤尾两码 30,33
==================第二神=================
红球独胆 17
蓝球定三码 01,04,11
红球杀六码 04,07,09,14,19,33
红球25码 01,02,05,06,08,10,11,12,13,15,16,17,18,20,21,22,23,24,25,27,28,29,30,31,32
蓝球杀五码 02,03,05,10,15
红球20码 02,05,06,08,10,11,16,17,18,20,21,22,23,24,25,28,29,30,31,32
红球双胆 02,17
红球三胆 02,11,17
蓝球定五码 01,04,06,07,11
红球12码 02,06,10,11,17,18,20,22,23,25,30,32
红球杀三码 04,14,33
红球龙头两码 02,06
红球凤尾两码 30,32
==================幽冉=================
红球独胆 17
蓝球定三码 02,15,16
红球杀六码 01,13,22,23,31,33
红球25码 02,03,04,05,06,07,08,09,10,11,12,14,15,16,17,18,19,20,21,24,25,27,28,30,32
蓝球杀五码 01,06,12,13,14
红球20码 02,03,04,06,07,08,09,12,15,16,17,18,20,21,24,25,27,28,30,32
红球双胆 08,17
红球三胆 08,17,24
蓝球定五码 02,04,11,15,16
红球12码 07,08,15,16,17,18,20,21,24,25,27,32
红球杀三码 13,22,33
红球龙头两码 07,08
红球凤尾两码 27,32
==================达达=================
红球独胆 06
蓝球定三码 14,15,16
红球杀六码 01,10,16,21,29,31
红球25码 02,03,05,06,07,08,09,12,14,15,17,18,20,23,24,26,27,28,32
蓝球杀五码 06,07,08,09,10
红球20码 02,03,05,06,07,08,12,14,15,17,18,20,23,24,27,28
红球双胆 06,14
红球三胆 06,14,24
蓝球定五码 05,14,15,16,13
红球12码 02,05,06,14,15,20,24,27,28
红球杀三码 01,10,16
红球龙头两码 05,15
红球凤尾两码 24,28
==================百炼成钢=================
红球独胆 18
蓝球定三码 08,11,15
红球杀六码 05,10,19,24,26,27
红球25码 01,02,03,04,06,07,08,09,11,12,14,16,17,18,20,21,22,23,25,28,29,30,31,32,33
蓝球杀五码 01,04,09,13,16
红球20码 01,03,04,07,08,09,11,12,16,18,20,21,22,23,25,28,29,30,32,33
红球双胆 18,29
红球三胆 18,29,32
蓝球定五码 05,07,08,11,15
红球12码 01,08,11,16,18,22,23,25,29,30,32,33
红球杀三码 19,26,27
红球龙头两码 01,08
红球凤尾两码 32,33
==================西川达子=================
红球独胆 18
蓝球定三码 03,11,12
红球杀六码 05,08,25,27,30,33
红球25码 01,02,04,06,07,09,10,11,12,13,14,15,16,17,18,19,20,21,22,23,26,28,29,31,32
蓝球杀五码 02,07,09,13,14
红球20码 02,04,06,07,10,12,13,14,15,16,17,18,20,21,23,26,28,29,31,32
红球双胆 12,18
红球三胆 12,18,23
蓝球定五码 03,11,12,15,16
红球12码 04,06,10,12,14,16,17,18,20,21,23,31
红球杀三码 08,27,33
红球龙头两码 04,06
红球凤尾两码 23,31
==================演绎人生=================
红球独胆 09
蓝球定三码 02,08,14
红球杀六码 02,04,10,13,16,17
红球25码 01,03,05,06,07,08,09,11,14,15,18,19,20,21,22,23,24,25,26,27,28,29,31,32,33
蓝球杀五码 01,05,07,09,15
红球20码 01,03,05,06,07,08,09,11,14,15,18,19,23,24,25,26,27,28,29,32
红球双胆 06,09
红球三胆 06,07,09
蓝球定五码 02,03,08,11,14
红球12码 01,03,05,06,07,09,14,15,25,27,28,29
红球杀三码 04,13,16
红球龙头两码 01,03
红球凤尾两码 28,29
==================东方卫视=================
红球独胆 22
蓝球定三码 02,03,04
红球杀六码 03,12,13,20,26,32
红球25码 02,04,05,06,07,08,09,10,11,14,15,16,17,18,19,21,22,23,24,25,27,29,30,31,33
蓝球杀五码 01,07,10,11,14
红球20码 02,04,05,07,08,09,10,11,15,16,18,19,21,22,23,24,25,27,30,33
红球双胆 16,22
红球三胆 15,16,22
蓝球定五码 02,03,04,09,12
红球12码 05,07,08,09,10,15,16,19,21,22,24,25
红球杀三码 03,12,32
红球龙头两码 05,07
红球凤尾两码 24,25
==================蜗蜗牛=================
红球独胆 28
蓝球定三码 05,10,15
红球杀六码 03,17,24,25,31,32
红球25码 01,02,04,05,06,07,08,10,11,12,13,14,15,18,19,20,21,22,23,26,27,28,29,30,33
蓝球杀五码 01,04,07,09,13
红球20码 01,02,05,06,07,08,10,11,13,14,15,18,19,21,22,26,27,28,29,30
红球双胆 28,29
红球三胆 14,28,29
蓝球定五码 03,05,10,11,15
红球12码 01,02,08,11,14,15,19,21,22,26,28,29
红球杀三码 17,31,32
红球龙头两码 01,02
红球凤尾两码 28,29
==================彩天地=================
红球独胆 05
蓝球定三码 01,07,16
红球杀六码 03,20,21,22,27,29
红球25码 01,02,04,05,06,07,08,09,11,12,13,14,16,17,18,19,23,24,25,26,28,30,31,32,33
蓝球杀五码 05,06,09,10,14
红球20码 01,02,05,06,07,09,11,12,13,14,17,19,23,24,25,26,28,31,32,33
红球双胆 05,13
红球三胆 05,13,14
蓝球定五码 01,07,12,15,16
红球12码 01,05,11,12,13,14,17,24,25,26,28,33
红球杀三码 03,21,22
红球龙头两码 01,05
红球凤尾两码 28,33
==================谁与争锋=================
红球独胆 09
蓝球定三码 05,08,09
红球杀六码 06,07,11,17,22,31
红球25码 01,02,03,04,05,08,09,10,12,13,14,15,16,18,19,20,21,23,24,26,27,28,29,30,33
蓝球杀五码 02,06,07,15,16
红球20码 01,03,04,05,08,09,10,12,13,14,15,16,18,20,21,23,24,26,27,30
红球双胆 08,09
红球三胆 08,09,14
蓝球定五码 04,05,08,09,14
红球12码 03,08,09,10,12,13,14,15,23,24,26,30
红球杀三码 11,17,22
红球龙头两码 03,08
红球凤尾两码 26,30
==================薄彩在身=================
红球独胆 12
蓝球定三码 01,06,10
红球杀六码 05,07,11,13,14,27
红球25码 01,02,03,04,06,09,10,12,15,16,17,18,19,20,21,22,23,24,25,26,29,30,31,32,33
蓝球杀五码 02,07,09,12,16
红球20码 01,02,04,06,09,10,12,15,16,17,18,20,21,23,24,25,26,29,32,33
红球双胆 12,21
红球三胆 10,12,21
蓝球定五码 01,05,06,10,15
红球12码 02,10,12,15,17,18,20,21,23,24,29,32
红球杀三码 05,11,14
红球龙头两码 02,10
红球凤尾两码 29,32
==================军师吴用=================
红球独胆 29
蓝球定三码 02,08,11
红球杀六码 01,04,13,19,20,28
红球25码 02,03,05,06,07,08,09,10,11,12,15,16,17,18,21,23,24,25,26,27,29,30,31,32,33
蓝球杀五码 01,03,05,12,14
红球20码 03,05,06,07,08,09,10,11,12,15,17,18,21,23,25,26,27,29,31,33
红球双胆 03,29
红球三胆 03,17,29
蓝球定五码 02,04,08,10,11
红球12码 03,06,08,09,12,15,17,26,27,29,31,33
红球杀三码 01,19,28
红球龙头两码 03,06
红球凤尾两码 31,33
==================脱口秀=================
红球独胆 04
蓝球定三码 06,07,16
红球杀六码 07,11,13,14,18,27
红球25码 01,02,03,04,05,06,08,09,10,12,16,17,19,20,21,22,23,24,25,26,29,30,31,32,33
蓝球杀五码 02,03,08,09,15
红球20码 01,02,04,05,06,08,09,10,16,17,19,20,22,23,25,26,30,31,32,33
红球双胆 04,17
红球三胆 04,08,17
蓝球定五码 01,06,07,11,16
红球12码 04,05,08,10,16,17,19,20,26,31,32,33
红球杀三码 13,14,27
红球龙头两码 04,05
红球凤尾两码 32,33
==================西坝=================
红球独胆 29
蓝球定三码 06,07,14
红球杀六码 04,05,07,08,18,25
红球25码 01,02,03,06,09,10,11,12,13,14,15,17,19,20,21,22,23,24,26,27,29,30,31,32,33
蓝球杀五码 02,05,09,12,16
红球20码 01,02,06,09,10,11,12,13,14,15,17,19,21,23,24,26,29,30,31,33
红球双胆 26,29
红球三胆 21,26,29
蓝球定五码 06,07,10,11,14
红球12码 02,06,10,12,15,19,21,23,24,26,29,30
红球杀三码 04,05,08
红球龙头两码 02,06
红球凤尾两码 29,30
==================法神=================
红球独胆 14
蓝球定三码 07,12,13
红球杀六码 12,18,24,26,29,31
红球25码 02,03,04,06,07,08,09,10,11,13,14,15,16,17,19,20,21,22,23,25,27,28,30,32,33
蓝球杀五码 01,03,04,08,10
红球20码 03,06,09,10,11,13,14,15,16,17,19,20,21,22,23,25,27,30,32,33
红球双胆 14,22
红球三胆 03,14,22
蓝球定五码 07,12,13,14,15
红球12码 03,06,11,13,14,16,17,19,22,27,32,33
红球杀三码 18,24,31
红球龙头两码 03,06
红球凤尾两码 32,33
==================丹姿=================
红球独胆 13
蓝球定三码 03,11,16
红球杀六码 03,08,12,14,32,33
红球25码 01,02,04,05,07,09,10,11,13,15,16,18,19,20,21,22,23,24,25,26,27,28,29,30,31
蓝球杀五码 01,02,04,09,15
红球20码 01,02,04,05,07,09,10,11,13,15,16,18,19,20,21,23,25,27,29,31
红球双胆 01,13
红球三胆 01,13,29
蓝球定五码 03,10,11,13,16
红球12码 01,04,05,09,10,11,13,15,18,25,29,31
红球杀三码 03,12,32
红球龙头两码 01,04
红球凤尾两码 29,31
==================痛并快乐=================
红球独胆 09
蓝球定三码 02,05,15
红球杀六码 05,08,11,13,18,32
红球25码 01,02,03,04,06,07,09,10,12,14,16,17,19,20,21,22,23,24,25,26,28,29,30,31,33
蓝球杀五码 04,07,08,12,14
红球20码 01,02,03,04,06,07,09,10,12,16,17,19,20,21,22,23,26,28,31,33
红球双胆 09,33
红球三胆 09,10,33
蓝球定五码 02,03,05,13,15
红球12码 04,06,07,09,10,17,19,22,26,28,31,33
红球杀三码 05,08,32
红球龙头两码 04,06
红球凤尾两码 31,33
==================真心相待=================
红球独胆 10
蓝球定三码 01,03,15
红球杀六码 09,14,16,17,18,32
红球25码 01,02,03,04,05,06,07,08,10,11,13,19,20,21,22,23,24,25,26,27,28,29,30,31,33
蓝球杀五码 05,06,10,11,13
红球20码 01,02,03,05,07,08,10,11,13,19,20,23,24,25,26,27,28,29,30,31
红球双胆 01,10
红球三胆 01,10,29
蓝球定五码 01,03,07,09,15
红球12码 01,05,08,10,11,19,20,23,25,26,27,29
红球杀三码 14,16,17
红球龙头两码 01,05
红球凤尾两码 27,29
==================火力全开=================
红球独胆 15
蓝球定三码 06,09,10
红球杀六码 07,12,22,23,27,28
红球25码 01,02,03,04,05,06,08,09,10,11,13,14,15,16,17,18,19,20,21,25,26,29,30,32,33
蓝球杀五码 03,05,07,08,14
红球20码 02,04,05,06,08,09,10,13,14,15,16,17,18,20,21,26,29,30,32,33
红球双胆 15,32
红球三胆 10,15,32
蓝球定五码 04,06,09,10,11
红球12码 02,05,06,10,13,14,15,16,17,18,26,32
红球杀三码 12,22,28
红球龙头两码 02,05
红球凤尾两码 26,32
==================助力=================
红球独胆 06
蓝球定三码 15,13,12
红球杀六码 02,31,09,08,20,07
红球25码 06,01,24,17,25,28,32,16,30,27,26,14,05,15,29,18,21,12,23,03
蓝球杀五码 05,02,10,04,01
红球20码 06,01,24,17,25,28,32,16,30,27,26,14,05,15,29,18
红球双胆 06,01
红球三胆 06,01
蓝球定五码 15,13,12,14,16
红球12码 06,01,24,17,25,28,32,16,30,27
红球杀三码 02,31,09
红球龙头两码 01
红球凤尾两码 30,32
==================寻雾=================
红球独胆 14
蓝球定三码 02,05,15
红球杀六码 02,12,13,18,20,31
红球25码 01,03,04,05,06,07,08,09,10,11,14,16,17,19,21,23,24,25,26,27,28,29,30,32,33
蓝球杀五码 03,04,08,13,16
红球20码 01,03,04,05,06,09,10,11,14,16,17,19,21,23,25,26,27,28,32,33
红球双胆 14,33
红球三胆 14,28,33
蓝球定五码 02,05,06,12,15
红球12码 04,09,14,16,17,19,21,26,27,28,32,33
红球杀三码 02,20,31
红球龙头两码 04,09
红球凤尾两码 32,33
==================万神=================
红球独胆 10
蓝球定三码 05,08,16
红球杀六码 03,05,08,15,29,32
红球25码 01,02,04,06,07,09,10,11,12,14,16,17,18,19,20,21,22,23,24,25,26,27,30,31,33
蓝球杀五码 02,06,07,09,13
红球20码 01,02,04,06,07,09,10,11,12,14,16,17,22,23,24,25,26,30,31,33
红球双胆 02,10
红球三胆 02,10,31
蓝球定五码 01,05,08,11,16
红球12码 02,04,06,09,10,11,12,14,17,24,26,31
红球杀三码 03,15,29
红球龙头两码 02,04
红球凤尾两码 26,31
==================莫天命=================
==================双色球达人=================
==================小仙女=================
==================小豆豆=================
==================小糖人=================
==================忘忧草=================
==================暗渡陈仓=================
==================天之骄子=================
==================李寒=================
==================维迪尔=================
==================孤雁看胆=================
