==================小豆豆=================
红球独胆 09
蓝球定三码 03,15,16
红球杀六码 06,12,14,22,28,31
红球25码 01,03,04,05,07,08,09,10,11,13,15,16,17,18,19,20,21,23,25,26,27,29,30,32,33
蓝球杀五码 05,10,11,13,14
红球20码 01,03,04,07,08,09,11,13,16,17,18,19,20,21,23,26,27,29,32,33
红球双胆 09,33
红球三胆 03,09,33
蓝球定五码 01,02,03,15,16
红球12码 03,09,11,13,16,18,20,21,26,27,32,33
红球杀三码 06,12,31
红球龙头两码 03,09
红球凤尾两码 32,33
==================脱口秀=================
红球独胆 12
蓝球定三码 02,05,13
红球杀六码 02,07,13,14,17,32
红球25码 01,03,04,06,08,09,10,11,12,15,16,18,19,20,21,22,23,24,25,26,28,29,30,31,33
蓝球杀五码 03,06,08,10,16
红球20码 01,03,04,06,08,10,12,15,18,19,20,21,22,23,24,26,28,30,31,33
红球双胆 12,15
红球三胆 12,15,21
蓝球定五码 01,02,05,11,13
红球12码 08,12,15,18,19,20,21,22,23,24,28,31
红球杀三码 02,13,17
红球龙头两码 08,12
红球凤尾两码 28,31
==================连连碰=================
红球独胆 02
蓝球定三码 07,10,15
红球杀六码 08,12,13,21,23,27
红球25码 01,02,03,04,05,06,07,09,10,14,15,16,17,18,20,22,24,25,26,28,29,30,31,32,33
蓝球杀五码 02,08,12,14,16
红球20码 02,03,04,05,06,09,10,14,15,16,17,18,20,25,26,28,29,30,31,32
红球双胆 02,30
红球三胆 02,14,30
蓝球定五码 01,04,07,10,15
红球12码 02,04,06,14,15,16,17,18,26,29,30,31
红球杀三码 12,21,23
红球龙头两码 02,04
红球凤尾两码 30,31
==================狐王=================
红球独胆 05
蓝球定三码 05,09,15
红球杀六码 12,18,20,24,25,31
红球25码 01,02,03,04,05,06,07,08,09,10,11,14,15,16,17,19,21,22,23,27,28,29,30,32,33
蓝球杀五码 04,10,11,13,14
红球20码 01,02,04,05,06,07,08,09,10,14,15,16,19,22,23,27,28,29,30,33
红球双胆 05,22
红球三胆 05,06,22
蓝球定五码 01,05,09,12,15
红球12码 02,05,06,08,14,19,22,27,28,29,30,33
红球杀三码 24,25,31
红球龙头两码 02,05
红球凤尾两码 30,33
==================军师吴用=================
红球独胆 08
蓝球定三码 02,03,05
红球杀六码 04,09,10,26,27,28
红球25码 01,02,03,05,06,07,08,11,13,14,15,16,17,18,19,21,22,23,24,25,29,30,31,32,33
蓝球杀五码 01,07,11,12,15
红球20码 02,03,05,08,11,14,15,16,17,18,19,21,22,23,24,25,29,31,32,33
红球双胆 08,31
红球三胆 08,15,31
蓝球定五码 02,03,05,06,08
红球12码 02,03,08,11,15,16,17,18,21,25,31,32
红球杀三码 09,10,26
红球龙头两码 02,03
红球凤尾两码 31,32
==================蜗蜗牛=================
红球独胆 27
蓝球定三码 04,10,12
红球杀六码 03,15,16,21,22,31
红球25码 01,02,05,06,07,08,10,11,12,13,14,17,18,19,20,23,24,25,26,27,28,29,30,32,33
蓝球杀五码 06,08,09,13,14
红球20码 01,02,05,06,07,10,11,12,14,17,18,19,20,25,26,27,28,30,32,33
红球双胆 17,27
红球三胆 17,19,27
蓝球定五码 01,04,10,12,15
红球12码 05,07,11,12,17,18,19,25,26,27,32,33
红球杀三码 16,22,31
红球龙头两码 05,07
红球凤尾两码 32,33
==================格兰雄狮=================
红球独胆 07
蓝球定三码 04,11,15
红球杀六码 02,03,21,22,26,29
红球25码 04,05,06,07,08,10,11,12,13,14,15,16,17,18,19,20,23,24,25,27,28,30,31,32,33
蓝球杀五码 02,05,06,12,14
红球20码 04,05,06,07,08,10,12,13,14,16,17,18,20,23,24,27,28,30,32,33
红球双胆 07,10
红球三胆 07,10,30
蓝球定五码 01,04,07,11,15
红球12码 07,10,12,13,14,20,23,24,28,30,32,33
红球杀三码 21,22,29
红球龙头两码 07,10
红球凤尾两码 32,33
==================天宇=================
红球独胆 18
蓝球定三码 04,07,10
红球杀六码 11,12,13,15,22,30
红球25码 01,02,03,04,05,06,07,08,09,10,14,16,17,18,19,20,23,24,25,26,27,28,29,31,33
蓝球杀五码 01,02,03,06,13
红球20码 02,04,06,07,08,09,14,16,17,18,19,20,24,25,26,27,28,29,31,33
红球双胆 18,31
红球三胆 18,24,31
蓝球定五码 04,07,10,11,12
红球12码 04,09,14,18,19,20,24,25,27,28,31,33
红球杀三码 11,13,30
红球龙头两码 04,09
红球凤尾两码 31,33
==================彩天地=================
红球独胆 10
蓝球定三码 01,03,09
红球杀六码 03,14,17,23,26,30
红球25码 01,02,04,05,06,07,08,09,10,11,12,13,15,16,18,19,20,22,24,25,27,28,31,32,33
蓝球杀五码 02,05,07,10,12
红球20码 01,02,04,05,06,07,08,09,10,11,12,13,15,16,18,24,25,28,31,32
红球双胆 10,18
红球三胆 01,10,18
蓝球定五码 01,03,09,13,15
红球12码 01,02,04,06,07,09,10,13,16,18,28,31
红球杀三码 14,23,30
红球龙头两码 01,02
红球凤尾两码 28,31
==================谁与争锋=================
红球独胆 30
蓝球定三码 03,07,12
红球杀六码 12,18,20,21,28,33
红球25码 01,02,03,04,05,06,07,08,09,11,13,14,15,16,17,19,23,24,25,26,27,29,30,31,32
蓝球杀五码 04,05,06,11,15
红球20码 01,02,05,06,09,11,13,14,15,16,19,23,24,25,26,27,29,30,31,32
红球双胆 30,31
红球三胆 23,30,31
蓝球定五码 03,07,09,12,16
红球12码 05,11,13,14,15,16,23,25,26,29,30,31
红球杀三码 12,21,33
红球龙头两码 05,11
红球凤尾两码 30,31
==================清风雪舞=================
红球独胆 28
蓝球定三码 03,14,15
红球杀六码 14,16,17,20,24,30
红球25码 01,02,03,04,05,07,08,09,10,11,12,13,15,19,21,22,23,25,26,27,28,29,31,32,33
蓝球杀五码 01,04,05,07,11
红球20码 01,03,04,05,08,10,11,12,13,15,19,22,23,25,26,27,28,29,31,32
红球双胆 19,28
红球三胆 13,19,28
蓝球定五码 03,10,14,15,16
红球12码 05,08,11,12,13,15,19,22,23,28,31,32
红球杀三码 14,17,20
红球龙头两码 05,08
红球凤尾两码 31,32
==================百炼成钢=================
红球独胆 12
蓝球定三码 09,10,11
红球杀六码 06,10,15,18,24,27
红球25码 01,02,04,05,07,08,11,12,13,14,16,17,19,20,21,22,23,25,26,28,29,30,31,32,33
蓝球杀五码 02,05,06,08,14
红球20码 01,02,04,05,07,08,12,13,14,17,19,20,21,22,26,28,29,30,31,33
红球双胆 12,28
红球三胆 12,26,28
蓝球定五码 04,09,10,11,12
红球12码 02,05,07,12,13,17,19,21,22,26,28,30
红球杀三码 10,18,27
红球龙头两码 02,05
红球凤尾两码 28,30
==================西川达子=================
红球独胆 14
蓝球定三码 11,13,16
红球杀六码 05,08,12,17,25,28
红球25码 01,02,03,06,07,09,10,11,13,14,15,18,19,20,21,22,23,24,26,27,29,30,31,32,33
蓝球杀五码 01,07,10,14,15
红球20码 01,03,06,07,09,10,11,13,14,20,21,22,23,24,26,27,29,30,32,33
红球双胆 06,14
红球三胆 06,14,26
蓝球定五码 02,06,11,13,16
红球12码 01,06,09,10,13,14,20,21,22,26,29,33
红球杀三码 08,17,25
红球龙头两码 01,06
红球凤尾两码 29,33
==================演绎人生=================
红球独胆 06
蓝球定三码 01,03,16
红球杀六码 05,09,14,17,18,25
红球25码 01,02,03,06,07,08,10,11,12,13,15,16,19,20,21,22,23,24,26,28,29,30,31,32,33
蓝球杀五码 04,05,07,10,14
红球20码 01,03,06,08,10,11,12,13,15,16,19,21,22,23,24,28,29,30,31,32
红球双胆 06,15
红球三胆 06,15,22
蓝球定五码 01,03,11,13,16
红球12码 03,06,08,10,11,12,13,15,19,21,22,29
红球杀三码 05,17,18
红球龙头两码 03,06
红球凤尾两码 22,29
==================莫天命=================
红球独胆 25
蓝球定三码 04,06,16
红球杀六码 08,12,19,24,26,28
红球25码 01,03,04,05,06,07,09,11,13,14,15,16,17,18,20,21,22,23,25,27,29,30,31,32,33
蓝球杀五码 02,03,12,14,15
红球20码 01,03,05,06,09,11,13,14,15,16,18,20,21,22,25,27,30,31,32,33
红球双胆 22,25
红球三胆 21,22,25
蓝球定五码 04,05,06,07,16
红球12码 03,09,11,13,18,20,21,22,25,27,30,31
红球杀三码 24,26,28
红球龙头两码 03,09
红球凤尾两码 30,31
==================孤雁看胆=================
红球独胆 02
蓝球定三码 01,03,11
红球杀六码 04,05,10,14,29,31
红球25码 01,02,03,06,07,08,09,11,12,15,16,17,18,19,20,21,22,23,24,25,26,27,28,30,32
蓝球杀五码 02,04,09,10,13
红球20码 01,02,07,08,11,12,15,16,17,18,19,20,21,22,24,25,26,27,28,30
红球双胆 02,11
红球三胆 02,07,11
蓝球定五码 01,03,07,11,15
红球12码 02,07,11,15,17,19,20,21,24,25,27,28
红球杀三码 04,05,14
红球龙头两码 02,07
红球凤尾两码 27,28
==================薄彩在身=================
红球独胆 31
蓝球定三码 03,08,15
红球杀六码 03,05,09,25,32,33
红球25码 01,02,04,06,07,10,11,12,13,14,15,16,17,18,19,20,21,22,23,26,27,28,29,30,31
蓝球杀五码 01,02,07,12,14
红球20码 01,02,06,11,13,14,15,16,18,19,20,21,22,23,26,27,28,29,30,31
红球双胆 29,31
红球三胆 21,29,31
蓝球定五码 03,08,09,10,15
红球12码 02,11,13,15,16,18,19,21,22,23,29,31
红球杀三码 03,05,32
红球龙头两码 02,11
红球凤尾两码 29,31
==================小仙女=================
红球独胆 17
蓝球定三码 01,05,16
红球杀六码 13,15,20,21,22,32
红球25码 01,02,03,04,05,06,07,08,09,10,11,12,14,16,17,18,19,24,25,26,28,29,30,31,33
蓝球杀五码 03,07,09,11,15
红球20码 01,02,03,04,06,07,08,09,10,11,14,16,17,19,24,28,29,30,31,33
红球双胆 17,29
红球三胆 07,17,29
蓝球定五码 01,05,13,14,16
红球12码 02,03,04,07,08,09,10,11,14,16,17,29
红球杀三码 13,20,21
红球龙头两码 02,03
红球凤尾两码 17,29
==================东方卫视=================
红球独胆 16
蓝球定三码 06,15,16
红球杀六码 03,11,12,13,15,18
红球25码 01,02,04,06,07,08,09,10,14,16,17,19,20,21,22,23,24,25,26,27,28,29,31,32,33
蓝球杀五码 02,04,11,12,14
红球20码 01,02,04,06,07,08,09,10,16,17,19,20,22,23,24,25,26,29,31,33
红球双胆 10,16
红球三胆 09,10,16
蓝球定五码 01,05,06,15,16
红球12码 01,04,07,08,09,10,16,19,22,25,29,31
红球杀三码 03,12,18
红球龙头两码 01,04
红球凤尾两码 29,31
==================完美运程=================
红球独胆 31
蓝球定三码 10,13,16
红球杀六码 10,14,17,23,27,32
红球25码 01,02,03,04,05,06,08,09,11,12,13,15,16,18,19,20,21,22,24,25,26,28,30,31,33
蓝球杀五码 01,03,07,11,14
红球20码 01,02,04,09,11,12,13,15,16,18,20,21,22,24,25,26,28,30,31,33
红球双胆 20,31
红球三胆 04,20,31
蓝球定五码 05,09,10,13,16
红球12码 04,09,15,16,18,20,21,24,25,28,31,33
红球杀三码 17,23,27
红球龙头两码 04,09
红球凤尾两码 31,33
==================第二神=================
红球独胆 06
蓝球定三码 06,10,16
红球杀六码 03,07,11,16,31,32
红球25码 01,02,04,05,06,08,09,13,14,15,17,18,19,20,21,22,23,24,25,26,27,28,29,30,33
蓝球杀五码 03,04,07,12,14
红球20码 01,02,04,06,08,09,13,14,17,18,20,21,23,24,25,26,27,28,29,33
红球双胆 06,26
红球三胆 06,26,33
蓝球定五码 05,06,09,10,16
红球12码 01,02,06,09,18,21,23,24,25,26,29,33
红球杀三码 07,11,32
红球龙头两码 01,02
红球凤尾两码 29,33
==================李寒=================
红球独胆 01
蓝球定三码 03,05,14
红球杀六码 11,12,22,27,29,32
红球25码 01,02,03,04,05,06,07,08,10,13,14,15,16,17,18,19,20,21,23,24,25,28,30,31,33
蓝球杀五码 02,04,08,11,15
红球20码 01,02,03,04,05,06,10,13,15,16,18,19,21,23,24,25,28,30,31,33
红球双胆 01,18
红球三胆 01,13,18
蓝球定五码 01,03,05,12,14
红球12码 01,02,04,06,13,15,18,21,23,24,30,31
红球杀三码 12,22,29
红球龙头两码 01,02
红球凤尾两码 30,31
==================西坝=================
红球独胆 06
蓝球定三码 04,06,10
红球杀六码 03,04,07,16,21,25
红球25码 01,02,05,06,08,09,10,11,12,13,14,15,17,18,19,22,24,26,27,28,29,30,31,32,33
蓝球杀五码 01,02,03,12,15
红球20码 01,02,05,06,08,10,11,12,13,15,17,18,19,22,24,26,28,29,30,33
红球双胆 02,06
红球三胆 02,06,28
蓝球定五码 04,05,06,10,16
红球12码 02,05,06,12,13,18,19,22,28,29,30,33
红球杀三码 03,21,25
红球龙头两码 02,05
红球凤尾两码 30,33
==================丹姿=================
红球独胆 17
蓝球定三码 11,12,16
红球杀六码 02,06,10,19,24,27
红球25码 01,03,04,05,07,08,09,11,12,13,15,16,17,20,21,22,23,25,26,28,29,30,31,32,33
蓝球杀五码 02,05,08,09,15
红球20码 01,03,04,05,07,08,09,11,12,13,15,16,17,20,21,26,28,29,31,33
红球双胆 17,28
红球三胆 12,17,28
蓝球定五码 01,11,12,13,16
红球12码 05,09,12,13,16,17,20,21,26,28,31,33
红球杀三码 06,10,19
红球龙头两码 05,09
红球凤尾两码 31,33
==================幽冉=================
红球独胆 20
蓝球定三码 08,09,16
红球杀六码 08,11,12,15,25,31
红球25码 01,02,03,04,05,06,09,10,13,14,16,17,18,19,20,21,23,24,26,27,28,29,30,32,33
蓝球杀五码 01,05,11,14,15
红球20码 01,02,04,05,06,10,14,16,17,18,19,20,21,23,24,28,29,30,32,33
红球双胆 20,32
红球三胆 20,23,32
蓝球定五码 04,08,09,10,16
红球12码 01,02,10,14,20,21,23,24,28,30,32,33
红球杀三码 08,11,12
红球龙头两码 01,02
红球凤尾两码 32,33
==================惊天危机=================
红球独胆 10
蓝球定三码 01,09,13
红球杀六码 01,08,17,24,25,29
红球25码 02,03,04,06,07,10,11,12,13,14,15,16,18,19,20,21,22,23,26,27,28,30,31,32,33
蓝球杀五码 02,03,04,05,16
红球20码 02,03,04,07,10,11,12,13,14,15,16,19,20,21,22,26,28,30,31,32
红球双胆 10,26
红球三胆 10,15,26
蓝球定五码 01,08,09,10,13
红球12码 02,03,04,10,15,16,19,20,22,26,30,32
红球杀三码 17,24,25
红球龙头两码 02,03
红球凤尾两码 30,32
==================痛并快乐=================
红球独胆 26
蓝球定三码 05,11,16
红球杀六码 15,17,18,21,23,29
红球25码 01,02,03,04,05,06,07,08,09,10,11,12,13,16,19,20,22,24,26,27,28,30,31,32,33
蓝球杀五码 01,02,04,06,15
红球20码 01,02,03,05,07,08,09,10,11,12,13,16,22,24,26,27,28,30,32,33
红球双胆 02,26
红球三胆 02,26,27
蓝球定五码 03,05,11,14,16
红球12码 01,02,03,05,11,13,16,24,26,27,30,32
红球杀三码 15,18,29
红球龙头两码 01,02
红球凤尾两码 30,32
==================小糖人=================
红球独胆 12
蓝球定三码 03,05,14
红球杀六码 03,09,14,21,25,29
红球25码 01,02,04,05,06,07,08,10,11,12,15,16,17,18,19,20,22,23,24,26,27,30,31,32,33
蓝球杀五码 01,06,08,13,16
红球20码 01,04,05,06,07,08,10,11,12,15,18,19,20,22,24,26,27,30,31,33
红球双胆 12,19
红球三胆 12,19,33
蓝球定五码 03,04,05,14,15
红球12码 01,05,06,07,12,15,18,19,24,26,30,33
红球杀三码 03,09,25
红球龙头两码 01,05
红球凤尾两码 30,33
==================维迪尔=================
红球独胆 15
蓝球定三码 02,11,13
红球杀六码 05,06,10,13,24,32
红球25码 01,02,03,04,07,08,09,11,12,14,15,16,17,18,19,21,22,23,25,26,27,28,29,30,33
蓝球杀五码 01,04,05,07,15
红球20码 01,02,03,04,07,11,12,14,15,16,17,18,19,21,23,25,27,28,30,33
红球双胆 15,18
红球三胆 15,18,23
蓝球定五码 02,11,13,14,16
红球12码 01,02,03,04,11,15,17,18,23,25,27,28
红球杀三码 05,10,24
红球龙头两码 01,02
红球凤尾两码 27,28
==================助力=================
红球独胆 15
蓝球定三码 02,06,07
红球杀六码 17,30,28,23,09,05
红球25码 15,29,19,31,24,18,33,21,03,22,26,02,12,20,25,07,08,32,10,11,04,06,13,14,16
蓝球杀五码 10,05,03,09,14
红球20码 15,29,19,31,24,18,33,21,03,22,26,02,12,20,25,07,08,32,10,11
红球双胆 15,29
红球三胆 15,29,19
蓝球定五码 02,06,07,08,15
红球12码 15,29,19,31,24,18,33,21,03,22,26,02
红球杀三码 17,30,28
红球龙头两码 02,03
红球凤尾两码 31,33
==================达达=================
红球独胆 09
蓝球定三码 13,14,15
红球杀六码 01,11,20,26,30,31
红球25码 02,03,04,05,06,07,08,09,10,12,13,14,15,16,18,19,22,23,24,25,27,28,29,32,33
蓝球杀五码 05,06,07,08,09
红球20码 02,03,04,05,07,08,09,10,12,14,15,16,18,22,23,24,27,28,29,33
红球双胆 09,18
红球三胆 09,18,28
蓝球定五码 12,13,14,15,16
红球12码 02,03,09,12,16,18,22,23,27,28,29,33
红球杀三码 01,11,20
红球龙头两码 03,12
红球凤尾两码 23,28
==================飞花潇雪=================
红球独胆 20
蓝球定三码 05,08,11
红球杀六码 15,17,18,22,27,28
红球25码 01,02,03,04,05,06,07,08,09,10,12,13,14,16,19,20,21,23,24,25,26,29,30,31,33
蓝球杀五码 03,06,07,09,15
红球20码 01,04,05,06,08,09,10,12,13,14,16,19,20,21,23,24,25,29,30,33
红球双胆 09,20
红球三胆 09,20,21
蓝球定五码 04,05,08,10,11
红球12码 01,04,05,09,10,16,19,20,21,25,30,33
红球杀三码 15,18,22
红球龙头两码 01,04
红球凤尾两码 30,33
==================忘忧草=================
红球独胆 12
蓝球定三码 06,10,16
红球杀六码 07,10,30,31,32,33
红球25码 01,02,03,04,05,06,08,09,11,12,15,16,17,18,19,20,21,22,23,24,25,26,27,28,29
蓝球杀五码 02,05,08,11,14
红球20码 01,02,03,05,08,09,11,12,16,18,20,21,22,23,24,25,26,27,28,29
红球双胆 08,12
红球三胆 08,11,12
蓝球定五码 04,06,10,13,16
红球12码 01,08,09,11,12,16,18,22,25,27,28,29
红球杀三码 07,30,33
红球龙头两码 01,08
红球凤尾两码 28,29
==================暗渡陈仓=================
红球独胆 13
蓝球定三码 09,10,12
红球杀六码 07,11,16,17,23,30
红球25码 01,02,03,04,05,06,08,09,12,13,14,15,18,19,20,21,22,24,25,26,27,29,31,32,33
蓝球杀五码 01,02,11,14,16
红球20码 01,03,04,05,06,08,13,14,15,19,20,21,22,24,25,27,29,31,32,33
红球双胆 13,33
红球三胆 13,22,33
蓝球定五码 03,07,09,10,12
红球12码 01,03,06,08,13,19,20,22,25,27,29,33
红球杀三码 07,17,23
红球龙头两码 01,03
红球凤尾两码 29,33
==================寻雾=================
红球独胆 30
蓝球定三码 02,06,15
红球杀六码 03,08,11,12,18,33
红球25码 01,02,04,05,06,09,10,13,14,15,16,17,19,20,21,22,23,24,25,27,28,29,30,31,32
蓝球杀五码 04,07,10,13,14
红球20码 01,02,04,05,06,09,10,13,15,16,21,22,23,24,25,28,29,30,31,32
红球双胆 05,30
红球三胆 05,22,30
蓝球定五码 02,03,05,06,15
红球12码 01,04,05,06,09,13,16,21,22,23,28,30
红球杀三码 03,12,33
红球龙头两码 01,04
红球凤尾两码 28,30
==================万神=================
红球独胆 07
蓝球定三码 03,06,09
红球杀六码 13,15,20,24,27,28
红球25码 02,03,04,05,06,07,08,09,10,11,12,14,16,17,18,19,21,22,23,25,26,29,30,32,33
蓝球杀五码 02,04,05,08,16
红球20码 02,03,04,05,06,07,08,09,10,14,16,17,18,19,21,25,26,29,30,33
红球双胆 07,18
红球三胆 07,18,30
蓝球定五码 03,06,09,14,15
红球12码 02,03,04,05,07,14,16,17,18,19,26,30
红球杀三码 15,20,27
红球龙头两码 02,03
红球凤尾两码 26,30
==================四通八达=================
红球独胆 04
蓝球定三码 11,13,15
红球杀六码 08,12,14,21,32,33
红球25码 01,02,03,04,05,07,09,11,13,15,16,17,18,19,20,22,23,24,25,26,27,28,29,30,31
蓝球杀五码 02,08,09,10,14
红球20码 01,02,03,04,05,07,11,16,17,18,19,20,22,24,25,26,27,28,29,31
红球双胆 04,29
红球三胆 01,04,29
蓝球定五码 07,11,13,15,16
红球12码 01,04,07,11,16,17,18,20,22,26,27,29
红球杀三码 08,14,32
红球龙头两码 01,04
红球凤尾两码 27,29
==================百事大吉=================
红球独胆 21
蓝球定三码 02,07,10
红球杀六码 04,06,09,14,26,33
红球25码 01,02,03,05,07,08,10,11,12,13,15,16,17,18,19,20,21,22,23,24,27,28,30,31,32
蓝球杀五码 01,11,14,15,16
红球20码 01,02,03,05,07,10,12,13,15,16,17,18,19,20,21,22,23,27,30,31
红球双胆 03,21
红球三胆 03,15,21
蓝球定五码 02,07,10,12,13
红球12码 01,02,03,05,15,16,18,20,21,22,23,27
红球杀三码 04,09,14
红球龙头两码 01,02
红球凤尾两码 23,27
==================双色球达人=================
红球独胆 23
蓝球定三码 03,10,12
红球杀六码 01,02,16,17,19,33
红球25码 03,04,05,07,08,09,10,11,12,14,15,18,20,21,22,23,24,25,26,27,28,29,30,31,32
蓝球杀五码 04,05,06,11,15
红球20码 03,04,05,09,10,11,14,15,18,20,22,23,25,26,27,28,29,30,31,32
红球双胆 04,23
红球三胆 04,23,28
蓝球定五码 02,03,07,10,12
红球12码 03,04,05,14,20,23,25,28,29,30,31,32
红球杀三码 17,19,33
红球龙头两码 03,04
红球凤尾两码 31,32
==================天之骄子=================
红球独胆 07
蓝球定三码 02,13,16
红球杀六码 03,09,15,17,23,29
红球25码 01,02,04,05,06,07,08,10,11,12,13,14,16,18,20,21,22,24,25,26,28,30,31,32,33
蓝球杀五码 03,05,07,12,14
红球20码 01,02,04,05,06,07,08,11,13,14,16,20,21,22,24,26,28,30,31,32
红球双胆 07,32
红球三胆 07,13,32
蓝球定五码 02,06,08,13,16
红球12码 01,07,08,11,13,14,16,21,24,28,30,32
红球杀三码 03,17,23
红球龙头两码 01,07
红球凤尾两码 30,32
==================西龙=================
红球独胆 24
蓝球定三码 03,04,10
红球杀六码 01,06,08,19,22,31
红球25码 02,03,04,07,09,10,11,12,13,14,15,16,17,18,20,21,24,25,26,27,28,29,30,32,33
蓝球杀五码 01,02,06,12,15
红球20码 02,03,04,07,09,10,11,12,14,15,16,17,21,24,25,26,27,29,30,32
红球双胆 04,24
红球三胆 04,24,29
蓝球定五码 03,04,09,10,16
红球12码 04,07,09,10,14,17,24,26,27,29,30,32
红球杀三码 06,08,22
红球龙头两码 04,07
红球凤尾两码 30,32
==================潮人=================
红球独胆 15
蓝球定三码 08,09,10
红球杀六码 05,07,08,10,13,26
红球25码 01,02,03,04,06,09,12,14,15,16,17,18,19,20,21,22,24,25,27,28,29,30,31,32,33
蓝球杀五码 05,06,07,12,16
红球20码 02,03,04,06,09,12,14,15,16,17,18,19,21,24,25,27,28,29,32,33
红球双胆 15,19
红球三胆 15,19,29
蓝球定五码 08,09,10,13,15
红球12码 03,04,12,15,16,17,19,21,24,25,29,32
红球杀三码 08,10,13
红球龙头两码 03,04
红球凤尾两码 29,32
==================称心码=================
红球独胆 05
蓝球定三码 12,13,15
红球杀六码 02,03,07,09,10,32
红球25码 01,04,05,06,08,11,12,14,15,16,17,18,19,20,21,22,23,24,25,27,28,29,30,31,33
蓝球杀五码 02,03,04,05,08
红球20码 01,04,05,06,12,14,15,16,19,20,21,22,23,24,25,27,28,29,30,33
红球双胆 05,27
红球三胆 05,15,27
蓝球定五码 10,12,13,14,15
红球12码 04,05,14,15,19,20,22,24,27,29,30,33
红球杀三码 07,09,10
红球龙头两码 04,05
红球凤尾两码 30,33
==================法神=================
红球独胆 01
蓝球定三码 11,13,16
红球杀六码 07,12,13,15,26,29
红球25码 01,02,03,04,05,06,08,09,10,11,14,16,17,18,19,20,22,23,25,27,28,30,31,32,33
蓝球杀五码 04,06,07,14,15
红球20码 01,03,04,05,06,09,10,11,14,17,18,19,20,23,25,27,30,31,32,33
红球双胆 01,33
红球三胆 01,23,33
蓝球定五码 01,02,11,13,16
红球12码 01,04,05,11,14,17,18,20,23,25,31,33
红球杀三码 13,15,29
红球龙头两码 01,04
红球凤尾两码 31,33
==================真心相待=================
红球独胆 06
蓝球定三码 01,05,09
红球杀六码 05,11,13,14,18,23
红球25码 01,02,03,04,06,07,08,09,12,15,16,19,20,21,22,24,25,26,27,28,29,30,31,32,33
蓝球杀五码 06,10,13,14,15
红球20码 01,03,06,07,09,12,15,16,19,20,22,24,25,26,27,29,30,31,32,33
红球双胆 06,19
红球三胆 06,19,30
蓝球定五码 01,04,05,07,09
红球12码 01,03,06,07,15,19,20,25,26,27,29,30
红球杀三码 11,14,23
红球龙头两码 01,03
红球凤尾两码 29,30
==================火力全开=================
红球独胆 14
蓝球定三码 06,10,15
红球杀六码 10,20,23,26,27,33
红球25码 01,02,03,04,05,06,07,08,09,11,12,14,15,16,17,18,19,21,22,24,25,28,29,31,32
蓝球杀五码 02,04,07,08,09
红球20码 01,02,04,05,06,07,08,09,11,12,14,15,17,18,19,24,25,29,31,32
红球双胆 14,25
红球三胆 14,25,29
蓝球定五码 06,10,11,13,15
红球12码 02,04,07,08,12,14,15,19,25,29,31,32
红球杀三码 10,20,26
红球龙头两码 02,04
红球凤尾两码 31,32
==================巫妖=================
红球独胆 15
蓝球定三码 02,07,12
红球杀六码 09,14,19,24,30,32
红球25码 01,02,03,04,05,06,07,08,10,11,12,13,15,16,18,20,21,22,23,25,26,27,28,31,33
蓝球杀五码 01,05,10,11,13
红球20码 01,02,04,05,06,07,08,11,12,13,15,16,18,20,21,22,25,26,27,33
红球双胆 15,27
红球三胆 15,21,27
蓝球定五码 02,03,04,07,12
红球12码 01,07,12,13,15,16,18,20,21,25,26,27
红球杀三码 09,14,32
红球龙头两码 01,07
红球凤尾两码 26,27
