==================西龙=================
红球独胆 13
蓝球定三码 05,06,16
红球杀六码 03,12,14,19,28,30
红球25码 01,02,04,05,06,07,08,10,11,13,15,16,17,18,20,22,23,24,25,26,27,29,31,32,33
蓝球杀五码 01,07,08,11,15
红球20码 01,04,06,07,08,11,13,16,17,18,22,23,24,25,26,27,29,31,32,33
红球双胆 13,25
红球三胆 06,13,25
蓝球定五码 04,05,06,10,16
红球12码 06,08,13,16,18,22,23,25,26,29,31,32
红球杀三码 03,14,19
红球龙头两码 06,08
红球凤尾两码 31,32
==================称心码=================
红球独胆 17
蓝球定三码 04,05,10
红球杀六码 08,09,10,13,19,31
红球25码 02,03,04,05,06,07,11,14,15,16,17,18,20,21,22,23,24,25,26,27,28,29,30,32,33
蓝球杀五码 08,11,13,14,16
红球20码 02,04,05,06,07,14,15,16,17,20,22,23,24,26,27,28,29,30,32,33
红球双胆 17,29
红球三胆 06,17,29
蓝球定五码 01,04,05,09,10
红球12码 02,04,06,07,16,17,22,23,27,28,29,30
红球杀三码 08,13,19
红球龙头两码 02,04
红球凤尾两码 29,30
==================巫妖=================
红球独胆 13
蓝球定三码 05,07,14
红球杀六码 02,09,10,15,16,22
红球25码 01,03,04,05,07,08,11,12,13,14,17,18,19,20,21,23,24,25,26,28,29,30,31,32,33
蓝球杀五码 04,10,13,15,16
红球20码 01,03,04,05,07,08,12,13,17,18,19,20,21,23,25,28,30,31,32,33
红球双胆 13,32
红球三胆 05,13,32
蓝球定五码 05,06,07,09,14
红球12码 05,08,12,13,17,18,19,25,30,31,32,33
红球杀三码 09,10,22
红球龙头两码 05,08
红球凤尾两码 32,33
==================四通八达=================
红球独胆 05
蓝球定三码 10,13,14
红球杀六码 02,03,24,25,27,31
红球25码 01,04,05,06,07,08,09,10,11,12,13,14,15,17,18,19,20,22,23,26,28,29,30,32,33
蓝球杀五码 01,07,08,11,12
红球20码 04,05,06,07,08,09,10,11,12,13,15,17,18,19,22,28,29,30,32,33
红球双胆 05,10
红球三胆 05,10,11
蓝球定五码 03,09,10,13,14
红球12码 04,05,07,08,10,11,13,15,17,22,29,30
红球杀三码 02,03,27
红球龙头两码 04,05
红球凤尾两码 29,30
==================西川达子=================
红球独胆 08
蓝球定三码 06,10,16
红球杀六码 01,07,12,17,18,32
红球25码 02,03,05,06,08,09,10,11,13,14,15,16,19,20,21,22,23,24,25,26,27,29,30,31,33
蓝球杀五码 07,09,12,13,15
红球20码 02,03,06,08,09,10,11,14,15,16,19,20,21,22,23,24,25,26,29,30
红球双胆 08,29
红球三胆 08,26,29
蓝球定五码 05,06,10,14,16
红球12码 02,03,06,08,09,10,16,19,22,26,29,30
红球杀三码 01,17,32
红球龙头两码 02,03
红球凤尾两码 29,30
==================演绎人生=================
红球独胆 02
蓝球定三码 03,04,08
红球杀六码 08,13,24,26,28,33
红球25码 01,02,03,04,05,06,07,09,10,11,12,14,15,16,18,19,21,22,23,25,27,29,30,31,32
蓝球杀五码 02,06,09,11,15
红球20码 01,02,04,06,07,10,11,12,14,16,18,19,21,22,23,25,27,29,31,32
红球双胆 02,14
红球三胆 02,11,14
蓝球定五码 03,04,08,10,12
红球12码 02,04,10,11,12,14,16,22,23,25,29,32
红球杀三码 08,24,26
红球龙头两码 02,04
红球凤尾两码 29,32
==================百事大吉=================
红球独胆 11
蓝球定三码 05,14,16
红球杀六码 16,20,22,27,28,32
红球25码 01,02,03,04,05,07,08,09,11,12,13,14,15,17,18,19,21,23,24,25,26,29,30,31,33
蓝球杀五码 01,08,09,12,13
红球20码 01,02,03,04,05,07,09,11,13,14,15,17,18,21,23,24,25,30,31,33
红球双胆 11,23
红球三胆 11,23,30
蓝球定五码 03,05,14,15,16
红球12码 02,04,07,09,11,13,21,23,24,25,30,31
红球杀三码 20,28,32
红球龙头两码 02,04
红球凤尾两码 30,31
==================双色球达人=================
红球独胆 19
蓝球定三码 02,10,16
红球杀六码 04,12,18,23,26,30
红球25码 01,02,03,06,07,08,09,10,11,13,14,15,16,17,19,20,21,22,25,27,28,29,31,32,33
蓝球杀五码 03,06,11,13,14
红球20码 01,03,06,07,08,11,13,14,15,16,17,19,20,21,25,28,29,31,32,33
红球双胆 19,29
红球三胆 19,29,31
蓝球定五码 01,02,04,10,16
红球12码 01,06,07,08,14,15,17,19,25,29,31,33
红球杀三码 18,23,30
红球龙头两码 01,06
红球凤尾两码 31,33
==================小仙女=================
红球独胆 12
蓝球定三码 08,11,15
红球杀六码 04,10,16,23,25,28
红球25码 01,02,03,05,06,07,08,09,11,12,13,14,15,17,18,19,20,21,22,24,27,30,31,32,33
蓝球杀五码 07,09,10,13,16
红球20码 01,02,03,06,07,09,11,12,15,17,18,19,20,21,24,27,30,31,32,33
红球双胆 12,32
红球三胆 12,31,32
蓝球定五码 06,08,11,12,15
红球12码 03,06,07,11,12,15,17,18,19,24,31,32
红球杀三码 04,16,23
红球龙头两码 03,06
红球凤尾两码 31,32
==================东方卫视=================
红球独胆 20
蓝球定三码 06,08,13
红球杀六码 04,22,23,24,30,31
红球25码 01,02,03,05,06,07,09,10,12,13,14,15,16,17,18,19,20,21,25,26,27,28,29,32,33
蓝球杀五码 01,04,05,12,16
红球20码 01,02,03,05,06,07,09,13,14,15,17,18,19,20,25,26,27,29,32,33
红球双胆 13,20
红球三胆 01,13,20
蓝球定五码 02,03,06,08,13
红球12码 01,02,03,06,07,13,14,15,19,20,25,32
红球杀三码 04,30,31
红球龙头两码 01,02
红球凤尾两码 25,32
==================小豆豆=================
红球独胆 24
蓝球定三码 04,05,12
红球杀六码 09,17,18,20,23,29
红球25码 01,02,03,04,05,07,08,10,11,12,13,14,15,16,19,21,22,24,25,26,27,28,31,32,33
蓝球杀五码 01,02,07,14,16
红球20码 01,04,05,07,08,10,12,13,14,15,19,21,22,24,25,26,27,28,31,32
红球双胆 24,28
红球三胆 13,24,28
蓝球定五码 04,05,11,12,15
红球12码 01,04,05,10,12,13,22,24,25,27,28,32
红球杀三码 18,23,29
红球龙头两码 01,04
红球凤尾两码 28,32
==================连连碰=================
红球独胆 31
蓝球定三码 02,04,10
红球杀六码 12,18,20,27,29,33
红球25码 01,02,03,04,05,06,07,09,10,11,13,14,15,17,19,21,22,23,24,25,26,28,30,31,32
蓝球杀五码 05,07,12,13,15
红球20码 01,02,03,04,05,07,10,11,13,14,17,19,21,22,23,24,25,26,28,31
红球双胆 11,31
红球三胆 11,25,31
蓝球定五码 02,04,06,10,16
红球12码 05,07,11,13,14,19,21,23,25,26,28,31
红球杀三码 12,18,29
红球龙头两码 05,07
红球凤尾两码 28,31
==================法神=================
红球独胆 27
蓝球定三码 03,07,11
红球杀六码 04,05,13,17,19,28
红球25码 01,02,03,06,07,08,09,11,12,15,16,18,20,21,22,23,24,25,26,27,29,30,31,32,33
蓝球杀五码 01,08,10,14,15
红球20码 01,02,03,07,08,09,11,15,16,18,21,23,24,25,27,29,30,31,32,33
红球双胆 18,27
红球三胆 18,27,32
蓝球定五码 03,04,05,07,11
红球12码 01,03,11,15,16,18,21,24,27,29,32,33
红球杀三码 04,19,28
红球龙头两码 01,03
红球凤尾两码 32,33
==================幽冉=================
红球独胆 21
蓝球定三码 01,02,10
红球杀六码 02,06,13,22,25,26
红球25码 01,03,04,05,07,08,09,10,11,14,15,16,17,18,19,20,21,23,24,27,29,30,31,32,33
蓝球杀五码 06,07,09,15,16
红球20码 01,03,04,05,07,09,10,11,14,16,17,18,20,21,23,24,27,29,30,31
红球双胆 09,21
红球三胆 09,14,21
蓝球定五码 01,02,10,13,14
红球12码 01,03,05,09,10,14,16,21,23,24,27,29
红球杀三码 13,22,26
红球龙头两码 01,03
红球凤尾两码 27,29
==================小糖人=================
红球独胆 27
蓝球定三码 04,09,14
红球杀六码 01,07,14,20,24,30
红球25码 02,03,04,05,06,08,09,10,12,13,15,16,18,19,21,22,23,25,26,27,28,29,31,32,33
蓝球杀五码 02,08,10,15,16
红球20码 02,03,04,05,06,10,12,13,15,16,18,19,21,22,23,26,27,29,32,33
红球双胆 22,27
红球三胆 10,22,27
蓝球定五码 04,09,11,13,14
红球12码 04,10,13,15,16,18,19,21,22,26,27,29
红球杀三码 01,20,24
红球龙头两码 04,10
红球凤尾两码 27,29
==================格兰雄狮=================
红球独胆 20
蓝球定三码 02,07,10
红球杀六码 01,04,10,12,24,32
红球25码 02,03,05,06,07,08,09,11,13,14,15,17,18,19,20,21,22,23,25,26,27,28,29,30,31
蓝球杀五码 01,03,06,11,12
红球20码 03,05,06,08,09,11,13,14,15,17,18,19,20,21,22,23,25,27,30,31
红球双胆 20,27
红球三胆 08,20,27
蓝球定五码 02,07,08,10,13
红球12码 03,08,13,14,20,21,22,23,25,27,30,31
红球杀三码 04,10,32
红球龙头两码 03,08
红球凤尾两码 30,31
==================飞花潇雪=================
红球独胆 13
蓝球定三码 05,09,14
红球杀六码 02,20,22,23,25,27
红球25码 01,04,05,06,07,08,10,12,13,14,16,17,18,24,26,29,30,31,32,33
蓝球杀五码 16
红球20码 01,04,05,06,07,08,10,12,13,14,16,18,24,26,29,31,33
红球双胆 13,29
红球三胆 13,16,29
蓝球定五码 04,05,09,11,14
红球12码 04,05,08,10,12,13,16,24,26,29
红球杀三码 23,25,27
红球龙头两码 04,05
红球凤尾两码 26,29
==================忘忧草=================
红球独胆 25
蓝球定三码 08,11,13
红球杀六码 03,08,10,12,16,33
红球25码 01,02,04,05,06,07,09,11,13,14,15,17,19,21,22,23,24,25,26,27,28,29,30,31,32
蓝球杀五码 03,04,07,12,14
红球20码 01,02,04,05,06,07,09,11,13,14,19,23,24,25,26,27,28,30,31,32
红球双胆 19,25
红球三胆 05,19,25
蓝球定五码 01,08,11,13,16
红球12码 05,09,14,19,23,24,25,26,28,30,31,32
红球杀三码 03,10,12
红球龙头两码 05,09
红球凤尾两码 31,32
==================暗渡陈仓=================
红球独胆 29
蓝球定三码 03,08,14
红球杀六码 01,03,07,09,19,30
红球25码 02,04,05,06,08,10,11,12,13,14,15,16,17,18,20,21,22,23,24,25,27,28,29,32,33
蓝球杀五码 05,06,07,09,15
红球20码 02,04,06,08,11,12,13,14,15,16,17,18,21,22,23,24,25,27,28,29
红球双胆 12,29
红球三胆 04,12,29
蓝球定五码 03,08,10,11,14
红球12码 04,06,12,16,17,21,22,23,24,25,27,29
红球杀三码 03,09,19
红球龙头两码 04,06
红球凤尾两码 27,29
==================天宇=================
红球独胆 29
蓝球定三码 01,09,13
红球杀六码 12,18,23,25,30,33
红球25码 01,02,03,05,06,08,09,10,11,13,14,15,16,17,19,20,21,22,24,26,27,28,29,31,32
蓝球杀五码 03,07,10,12,16
红球20码 01,02,03,06,08,09,11,13,15,16,19,21,22,24,26,27,28,29,31,32
红球双胆 11,29
红球三胆 11,27,29
蓝球定五码 01,04,09,13,14
红球12码 01,08,09,11,15,16,19,22,24,27,29,32
红球杀三码 18,23,33
红球龙头两码 01,08
红球凤尾两码 29,32
==================清风雪舞=================
红球独胆 12
蓝球定三码 03,04,13
红球杀六码 03,11,17,20,24,32
红球25码 02,04,05,06,07,09,10,12,13,14,15,16,18,19,21,22,23,25,26,27,28,29,30,31,33
蓝球杀五码 01,07,09,11,15
红球20码 02,04,05,06,07,09,12,13,14,15,16,18,23,25,26,27,28,30,31,33
红球双胆 12,13
红球三胆 12,13,18
蓝球定五码 02,03,04,05,13
红球12码 05,06,07,09,12,13,14,15,18,26,31,33
红球杀三码 03,11,32
红球龙头两码 05,06
红球凤尾两码 31,33
==================百炼成钢=================
红球独胆 29
蓝球定三码 02,10,14
红球杀六码 03,04,05,08,20,32
红球25码 01,02,07,09,10,11,12,13,14,15,16,17,18,19,21,22,23,24,25,27,28,29,30,31,33
蓝球杀五码 05,06,08,11,13
红球20码 01,02,07,10,11,12,14,15,17,18,19,21,22,23,24,25,28,29,30,31
红球双胆 10,29
红球三胆 10,15,29
蓝球定五码 02,03,10,12,14
红球12码 07,10,11,14,15,17,19,21,23,28,29,31
红球杀三码 04,08,20
红球龙头两码 07,10
红球凤尾两码 29,31
==================莫天命=================
红球独胆 02
蓝球定三码 02,08,12
红球杀六码 04,09,11,23,27,31
红球25码 01,02,05,06,07,08,10,12,13,14,15,16,17,18,19,20,21,22,25,26,28,29,30,32,33
蓝球杀五码 05,07,13,14,16
红球20码 01,02,06,08,10,12,14,15,16,17,18,19,20,21,22,25,26,29,32,33
红球双胆 02,33
红球三胆 02,25,33
蓝球定五码 01,02,03,08,12
红球12码 02,06,10,14,15,17,20,21,22,25,26,33
红球杀三码 09,23,27
红球龙头两码 02,06
红球凤尾两码 26,33
==================薄彩在身=================
红球独胆 19
蓝球定三码 01,11,13
红球杀六码 10,14,15,16,25,27
红球25码 01,02,03,04,05,06,07,08,11,12,13,17,19,20,21,22,23,24,26,28,29,30,31,32,33
蓝球杀五码 05,07,08,10,15
红球20码 01,02,03,04,05,07,08,11,12,13,17,19,21,23,24,26,28,31,32,33
红球双胆 12,19
红球三胆 05,12,19
蓝球定五码 01,03,06,11,13
红球12码 01,04,05,07,12,13,19,21,24,26,28,32
红球杀三码 10,15,16
红球龙头两码 01,04
红球凤尾两码 28,32
==================完美运程=================
红球独胆 22
蓝球定三码 04,06,15
红球杀六码 14,15,24,25,32,33
红球25码 01,02,03,04,05,06,07,08,09,10,12,13,16,17,18,19,20,21,22,23,26,27,28,29,30
蓝球杀五码 01,02,09,12,13
红球20码 01,02,04,05,06,07,09,10,12,17,18,19,20,22,23,26,27,28,29,30
红球双胆 12,22
红球三胆 12,22,23
蓝球定五码 04,06,08,11,15
红球12码 01,02,04,06,07,09,10,12,18,20,22,23
红球杀三码 14,25,32
红球龙头两码 01,02
红球凤尾两码 22,23
==================天之骄子=================
红球独胆 02
蓝球定三码 05,07,10
红球杀六码 01,03,06,13,17,21
红球25码 02,05,07,08,09,10,11,12,14,15,16,18,19,20,22,23,24,25,26,27,28,30,31,32,33
蓝球杀五码 03,06,08,12,14
红球20码 02,05,08,09,10,11,12,15,16,18,19,20,23,24,25,26,28,30,31,33
红球双胆 02,09
红球三胆 02,09,26
蓝球定五码 01,05,07,10,13
红球12码 02,08,09,11,16,19,23,24,26,28,30,31
红球杀三码 01,03,17
红球龙头两码 02,08
红球凤尾两码 30,31
==================第二神=================
红球独胆 03
蓝球定三码 03,09,10
红球杀六码 09,12,25,26,27,30
红球25码 01,02,03,04,05,06,07,08,10,11,13,14,15,17,18,19,20,22,23,24,28,29,31,32,33
蓝球杀五码 01,04,05,13,14
红球20码 01,02,03,04,05,06,10,13,15,18,19,20,22,23,24,28,29,31,32,33
红球双胆 03,19
红球三胆 03,19,28
蓝球定五码 03,06,09,10,15
红球12码 01,03,05,06,10,18,19,20,22,28,32,33
红球杀三码 25,26,30
红球龙头两码 01,03
红球凤尾两码 32,33
==================李寒=================
红球独胆 19
蓝球定三码 05,06,14
红球杀六码 06,07,16,17,22,30
红球25码 01,02,03,04,05,08,09,10,11,12,13,14,15,19,20,21,23,24,25,27,28,29,31,32,33
蓝球杀五码 02,03,08,09,12
红球20码 01,02,08,09,10,12,13,14,15,19,20,21,23,24,25,27,29,31,32,33
红球双胆 19,21
红球三胆 08,19,21
蓝球定五码 04,05,06,13,14
红球12码 08,12,14,19,20,21,23,24,27,31,32,33
红球杀三码 06,07,17
红球龙头两码 08,12
红球凤尾两码 32,33
==================丹姿=================
红球独胆 20
蓝球定三码 01,10,12
红球杀六码 01,08,24,27,28,31
红球25码 03,04,05,06,07,09,10,11,12,13,14,16,17,18,19,20,21,22,23,25,26,29,30,32,33
蓝球杀五码 04,08,13,15,16
红球20码 03,04,05,07,09,10,12,13,14,16,17,18,19,20,22,25,26,29,30,32
红球双胆 03,20
红球三胆 03,07,20
蓝球定五码 01,02,10,12,14
红球12码 03,07,10,14,16,18,19,20,22,25,30,32
红球杀三码 01,08,28
红球龙头两码 03,07
红球凤尾两码 30,32
==================惊天危机=================
红球独胆 06
蓝球定三码 02,07,11
红球杀六码 08,10,17,19,25,33
红球25码 01,02,03,04,05,06,07,09,11,12,13,14,15,16,18,20,21,23,24,26,27,28,30,31,32
蓝球杀五码 05,06,09,14,16
红球20码 01,04,05,06,07,09,11,12,14,15,16,18,20,21,23,24,26,27,28,32
红球双胆 06,15
红球三胆 06,15,21
蓝球定五码 01,02,07,11,15
红球12码 05,06,07,09,11,14,15,20,21,23,24,26
红球杀三码 08,10,17
红球龙头两码 05,06
红球凤尾两码 24,26
==================痛并快乐=================
红球独胆 15
蓝球定三码 08,14,15
红球杀六码 06,16,19,21,24,26
红球25码 02,03,04,05,07,08,09,10,11,12,14,15,17,18,20,22,23,25,27,28,29,30,31,32,33
蓝球杀五码 05,07,10,11,13
红球20码 02,04,05,08,09,10,11,12,14,15,17,18,20,25,27,29,30,31,32,33
红球双胆 15,29
红球三胆 15,29,30
蓝球定五码 02,08,12,14,15
红球12码 02,05,11,15,17,20,25,29,30,31,32,33
红球杀三码 16,19,21
红球龙头两码 02,05
红球凤尾两码 32,33
==================真心相待=================
红球独胆 04
蓝球定三码 03,10,13
红球杀六码 11,14,24,25,29,32
红球25码 01,02,03,04,05,06,07,08,09,10,12,13,15,17,18,19,21,22,23,26,27,28,30,31,33
蓝球杀五码 01,07,11,12,16
红球20码 02,03,04,06,07,08,10,12,13,15,17,18,19,21,22,23,26,30,31,33
红球双胆 02,04
红球三胆 02,04,13
蓝球定五码 03,09,10,13,14
红球12码 02,04,06,08,12,13,15,17,21,22,23,30
红球杀三码 25,29,32
红球龙头两码 02,04
红球凤尾两码 23,30
==================火力全开=================
红球独胆 07
蓝球定三码 06,07,16
红球杀六码 10,14,16,18,25,26
红球25码 01,02,03,04,05,06,07,08,09,11,13,15,17,19,20,21,22,23,24,27,28,29,30,31,33
蓝球杀五码 02,03,05,11,12
红球20码 01,03,04,05,06,07,08,13,15,17,19,20,21,23,24,27,29,30,31,33
红球双胆 07,19
红球三胆 07,08,19
蓝球定五码 06,07,10,15,16
红球12码 01,04,07,08,13,15,17,19,20,23,29,33
红球杀三码 10,16,25
红球龙头两码 01,04
红球凤尾两码 29,33
==================寻雾=================
红球独胆 21
蓝球定三码 03,09,11
红球杀六码 01,09,10,16,27,30
红球25码 02,03,04,06,07,08,11,12,13,14,15,17,18,19,20,21,22,23,24,25,28,29,31,32,33
蓝球杀五码 01,04,07,13,15
红球20码 02,03,04,08,12,13,14,15,19,20,21,22,23,24,25,28,29,31,32,33
红球双胆 15,21
红球三胆 15,20,21
蓝球定五码 03,09,11,12,16
红球12码 04,14,15,19,20,21,24,25,28,29,31,33
红球杀三码 16,27,30
红球龙头两码 04,14
红球凤尾两码 31,33
==================万神=================
红球独胆 33
蓝球定三码 04,13,15
红球杀六码 08,15,20,22,26,29
红球25码 01,02,03,04,05,06,07,09,10,11,12,13,14,16,17,18,19,21,23,24,25,28,31,32,33
蓝球杀五码 01,06,07,14,16
红球20码 02,03,07,09,10,11,12,13,16,17,18,19,21,23,24,25,28,31,32,33
红球双胆 02,33
红球三胆 02,10,33
蓝球定五码 04,08,09,13,15
红球12码 02,03,07,10,13,16,18,19,25,31,32,33
红球杀三码 08,20,29
红球龙头两码 02,03
红球凤尾两码 32,33
==================彩天地=================
红球独胆 28
蓝球定三码 07,11,14
红球杀六码 05,07,14,16,18,32
红球25码 01,02,03,04,06,08,09,10,12,13,15,17,19,20,21,22,23,24,25,26,27,28,30,31,33
蓝球杀五码 01,05,12,13,15
红球20码 01,03,04,06,09,10,12,13,15,17,19,20,21,22,23,24,26,27,28,33
红球双胆 04,28
红球三胆 04,17,28
蓝球定五码 07,09,10,11,14
红球12码 03,04,12,13,17,20,21,22,23,27,28,33
红球杀三码 07,18,32
红球龙头两码 03,04
红球凤尾两码 28,33
==================谁与争锋=================
红球独胆 32
蓝球定三码 08,12,13
红球杀六码 01,03,05,17,18,29
红球25码 02,04,06,07,08,09,10,11,12,13,14,15,16,19,20,22,24,25,26,27,28,30,31,32,33
蓝球杀五码 01,02,05,07,09
红球20码 02,04,06,07,08,10,11,12,13,15,20,22,24,25,26,28,30,31,32,33
红球双胆 26,32
红球三胆 08,26,32
蓝球定五码 04,08,10,12,13
红球12码 02,04,07,08,10,11,12,13,15,20,26,32
红球杀三码 01,03,17
红球龙头两码 02,04
红球凤尾两码 26,32
==================孤雁看胆=================
红球独胆 02
蓝球定三码 10,12,14
红球杀六码 01,04,08,14,23,30
红球25码 02,03,05,06,07,09,10,11,12,13,15,16,17,18,19,20,21,22,24,25,26,27,28,29,32
蓝球杀五码 05,08,09,13,15
红球20码 02,03,05,06,07,09,10,11,12,13,16,17,18,20,24,25,27,28,29,32
红球双胆 02,20
红球三胆 02,13,20
蓝球定五码 01,10,12,14,16
红球12码 02,03,05,06,07,10,13,20,24,27,28,32
红球杀三码 01,04,14
红球龙头两码 02,03
红球凤尾两码 28,32
==================军师吴用=================
红球独胆 32
蓝球定三码 01,06,08
红球杀六码 03,06,23,29,30,33
红球25码 01,02,04,05,07,08,09,10,11,12,13,14,15,17,18,19,20,21,22,24,25,27,28,31,32
蓝球杀五码 02,03,10,14,16
红球20码 01,02,04,05,08,09,12,14,17,18,19,20,21,22,24,25,27,28,31,32
红球双胆 19,32
红球三胆 18,19,32
蓝球定五码 01,04,06,07,08
红球12码 01,02,04,05,14,18,19,20,21,27,28,32
红球杀三码 03,06,29
红球龙头两码 01,02
红球凤尾两码 28,32
==================脱口秀=================
红球独胆 25
蓝球定三码 11,14,16
红球杀六码 01,12,14,16,19,32
红球25码 02,03,04,05,06,07,08,09,10,11,13,15,18,20,22,23,24,25,26,27,28,29,30,31,33
蓝球杀五码 04,05,08,10,15
红球20码 02,03,04,05,06,07,09,10,11,13,15,18,20,23,25,26,27,29,31,33
红球双胆 11,25
红球三胆 11,25,29
蓝球定五码 07,09,11,14,16
红球12码 06,07,09,11,13,20,25,26,27,29,31,33
红球杀三码 01,14,19
红球龙头两码 06,07
红球凤尾两码 31,33
==================蜗蜗牛=================
红球独胆 21
蓝球定三码 03,12,13
红球杀六码 05,12,14,22,23,30
红球25码 01,02,03,04,06,07,09,10,11,13,15,16,17,18,19,20,21,24,26,27,28,29,31,32,33
蓝球杀五码 05,07,08,09,10
红球20码 02,06,07,09,11,13,15,16,17,18,19,20,21,24,26,27,28,29,31,33
红球双胆 21,33
红球三胆 21,29,33
蓝球定五码 03,12,13,14,16
红球12码 06,11,15,16,17,18,21,24,26,28,29,33
红球杀三码 05,12,30
红球龙头两码 06,11
红球凤尾两码 29,33
==================潮人=================
红球独胆 29
蓝球定三码 02,10,14
红球杀六码 10,12,20,22,26,31
红球25码 01,02,04,05,06,07,08,09,11,13,14,15,16,17,19,21,23,24,25,27,28,29,30,32,33
蓝球杀五码 05,11,12,15,16
红球20码 02,05,06,07,08,09,11,13,14,15,16,23,24,25,27,28,29,30,32,33
红球双胆 27,29
红球三胆 13,27,29
蓝球定五码 02,04,10,13,14
红球12码 05,07,09,13,14,15,16,24,25,27,28,29
红球杀三码 10,22,26
红球龙头两码 05,07
红球凤尾两码 28,29
==================西坝=================
红球独胆 22
蓝球定三码 07,12,15
红球杀六码 01,09,11,30,32,33
红球25码 02,03,04,07,08,10,12,13,14,15,16,17,18,19,20,21,22,23,24,25,26,27,28,29,31
蓝球杀五码 01,03,05,06,08
红球20码 02,03,04,07,08,10,12,13,14,16,17,18,20,22,23,24,25,26,29,31
红球双胆 14,22
红球三胆 04,14,22
蓝球定五码 07,10,11,12,15
红球12码 02,03,04,08,13,14,16,18,22,23,25,31
红球杀三码 01,11,32
红球龙头两码 02,03
红球凤尾两码 25,31
==================狐王=================
红球独胆 20
蓝球定三码 01,08,13
红球杀六码 01,02,08,14,17,23
红球25码 03,04,05,06,07,09,10,11,13,15,16,18,19,20,21,22,25,26,27,28,29,30,31,32,33
蓝球杀五码 03,05,09,14,16
红球20码 03,04,05,06,07,10,11,13,15,16,19,20,21,25,26,28,29,30,31,32
红球双胆 20,25
红球三胆 20,25,26
蓝球定五码 01,06,08,10,13
红球12码 03,04,07,11,16,19,20,21,25,26,29,32
红球杀三码 02,08,14
红球龙头两码 03,04
红球凤尾两码 29,32
==================维迪尔=================
红球独胆 11
蓝球定三码 03,09,14
红球杀六码 08,12,26,27,29,31
红球25码 01,02,03,05,06,07,09,10,11,13,14,15,16,17,18,19,20,21,22,23,25,28,30,32,33
蓝球杀五码 01,04,05,06,12
红球20码 01,02,03,05,07,09,10,11,13,14,15,16,17,18,19,21,25,28,30,32
红球双胆 11,17
红球三胆 07,11,17
蓝球定五码 03,09,10,13,14
红球12码 01,02,03,05,07,11,13,14,17,18,19,21
红球杀三码 08,12,31
红球龙头两码 01,02
红球凤尾两码 19,21
==================助力=================
红球独胆 06
蓝球定三码 09,13,04
红球杀六码 28
红球25码 06,01,04,33,08,17,32,02,24,25,13,12,20,31,21,10,18,14,29,16,22
蓝球杀五码 06,02,15,11,03
红球20码 06,01,04,33,08,17,32,02,24,25,13,12,20,31,21,10,18,14
红球双胆 06,01
红球三胆 06,01,04
蓝球定五码 09,13,04,14,10
红球12码 06,01,04,33,08,17,32,02,24,25,13
红球杀三码 07,05,27
红球龙头两码 01,02
红球凤尾两码 32,33
