22126:01 13 15 17 26 33
22125:02 03 07 12 20 31
22124:05 10 13 18 24 26
22123:10 13 16 20 21 25
22122:06 08 17 19 24 28
22121:12 17 22 27 30 31
22120:02 15 19 26 27 29
22119:02 05 15 18 26 27
22118:02 06 07 11 14 33
22117:04 13 17 18 28 29
22116:08 14 26 27 30 33
22115:06 07 18 20 27 29
22114:01 05 15 19 26 29
22113:13 14 20 24 27 29
22112:03 05 08 17 25 31
22111:02 10 11 13 28 31
22110:09 13 15 18 20 28
22109:04 11 13 19 22 33
22108:01 07 13 17 18 31
22107:03 09 11 15 19 28
22106:17 20 22 23 24 31
22105:06 12 13 15 21 23
22104:01 08 19 25 26 31
22103:06 09 12 14 20 28
22102:09 10 12 18 29 32
22101:04 16 18 19 27 28
22100:02 06 07 15 20 21
22099:01 11 23 24 26 32
22098:02 03 04 06 21 33
22097:04 05 10 13 30 31
22096:03 16 17 19 25 33
22095:04 13 14 18 20 28
22094:06 11 13 16 19 31
22093:21 22 24 28 29 32
22092:07 10 16 20 21 27
22091:08 18 20 22 24 28
22090:01 04 25 27 29 30
22089:02 07 15 29 31 33
22088:03 09 15 17 20 22
22087:05 06 09 13 23 25
22086:01 04 08 21 23 24
22085:07 09 14 31 32 33
22084:03 18 23 24 25 32
22083:08 12 13 14 19 20
22082:04 10 11 23 30 32
22081:04 08 11 21 27 30
22080:05 12 15 17 18 27
22079:01 09 15 17 22 23
22078:01 04 05 15 17 31
22077:03 17 18 19 20 27
22076:08 09 10 13 24 29
22075:01 02 04 25 26 30
22074:05 07 15 19 29 33
22073:06 10 14 15 26 29
22072:05 14 15 16 18 32
22071:04 07 15 18 29 33
22070:04 06 09 27 28 33
22069:06 07 13 19 26 29
22068:07 12 15 24 26 29
22067:01 05 13 21 26 29
22066:06 11 14 20 27 30
22065:09 14 18 23 28 31
22064:04 06 12 13 17 31
22063:06 08 09 17 22 31
22062:16 18 20 21 23 33
22061:01 03 16 18 29 33
22060:16 18 19 24 28 32
22059:06 09 18 19 29 33
22058:06 13 14 23 31 33
22057:12 15 20 26 30 33
22056:01 06 11 14 17 26
22055:02 04 09 26 28 33
22054:08 12 21 27 28 33
22053:10 14 18 23 27 33
22052:07 24 27 29 31 32
22051:02 05 11 17 21 33
22050:03 05 08 14 27 33
22049:02 04 07 18 25 26
22048:05 07 17 20 26 31
22047:03 07 08 14 27 30
22046:02 11 24 25 27 30
22045:03 12 17 18 19 28
22044:01 07 08 21 23 29
22043:02 17 20 23 25 27
22042:05 10 11 21 22 30
22041:05 07 21 22 24 29
22040:03 12 14 16 31 33
22039:02 06 07 10 15 20
22038:09 12 13 16 24 32
22037:01 10 13 20 22 32
22036:02 03 14 16 26 31
22035:08 12 13 19 23 25
22034:14 17 26 31 32 33
22033:05 12 19 22 25 26
22032:04 10 11 14 23 32
22031:01 10 11 22 26 32
22030:12 23 24 26 27 30
22029:03 08 10 13 26 32
22028:05 11 20 22 23 29
22027:14 15 18 19 26 32
22026:03 04 10 15 22 24
22025:06 19 24 25 28 32
22024:07 09 10 14 19 24
22023:07 12 17 19 24 25
22022:01 07 11 15 17 19
22021:03 07 22 24 26 31
22020:09 11 14 22 30 32
22019:05 06 14 20 21 25
22018:07 11 16 17 30 32
22017:06 09 24 29 30 32
22016:05 10 19 20 29 31
22015:06 14 16 27 28 31
22014:06 07 13 14 15 27
22013:02 03 04 07 10 18
22012:04 07 08 29 30 31
22011:06 15 23 24 25 33
22010:12 18 19 20 21 32
22009:04 15 17 19 25 28
22008:02 03 07 09 20 21
22007:01 20 22 23 25 28
22006:03 06 09 15 22 31
22005:07 10 12 16 19 31
22004:05 19 24 28 30 32
22003:02 05 16 17 18 30
22002:02 12 21 23 25 31
22001:06 13 15 17 20 21
21150:09 14 20 21 24 26
21149:05 10 15 18 19 32
21148:10 12 15 17 19 20
21147:05 10 11 13 27 28
21146:07 09 21 22 26 32
21145:04 07 10 14 16 26
21144:02 05 13 15 23 26
21143:01 09 11 13 20 29
21142:04 07 17 19 20 24
21141:01 14 19 23 26 30
21140:05 10 16 26 27 33
21139:12 14 19 23 24 27
21138:11 14 15 16 27 32
21137:03 07 10 14 21 24
21136:02 06 09 15 19 28
21135:03 10 17 19 21 31
21134:01 02 16 19 25 31
21133:01 03 12 19 27 31
21132:01 04 06 14 20 28
21131:08 11 18 19 20 24
21130:08 09 15 24 26 30
21129:04 15 21 27 28 29
21128:05 17 20 21 23 33
21127:07 15 16 20 27 29
21126:19 20 23 27 28 31
21125:14 19 20 23 24 31
21124:01 03 18 22 29 32
21123:06 14 15 19 29 31
21122:04 05 12 15 18 28
21121:04 05 12 16 22 30
21120:01 07 08 12 13 18
21119:03 09 10 11 28 29
21118:02 06 14 18 20 31
21117:03 05 17 21 27 33
21116:06 14 17 18 31 33
21115:02 10 12 15 24 27
21114:04 06 08 14 24 27
21113:04 07 10 22 27 30
21112:05 06 21 25 28 33
21111:17 20 22 23 26 28
21110:10 13 15 24 31 32
21109:02 03 10 17 20 26
21108:11 15 18 24 26 32
21107:02 03 17 19 25 30
21106:01 04 07 14 30 31
21105:10 14 15 22 27 32
21104:01 07 17 20 22 28
21103:10 13 15 25 29 30
21102:05 09 15 24 27 30
21101:02 04 12 22 29 31
21100:07 09 12 13 14 29
21099:09 11 17 18 20 27
21098:01 10 13 18 26 32
21097:03 11 12 13 25 28
21096:01 07 11 14 15 26
21095:08 12 17 24 27 28
21094:09 11 24 25 28 33
21093:05 11 15 23 28 33
21092:02 07 08 10 12 31
21091:04 06 16 24 26 33
21090:05 06 12 14 27 28
21089:01 02 07 13 23 24
21088:04 12 15 16 19 26
21087:02 13 16 19 23 24
21086:06 08 10 14 28 29
21085:05 06 07 11 14 20
21084:05 07 09 11 21 28
21083:04 09 11 25 28 33
21082:03 06 11 13 26 32
21081:01 03 05 18 22 23
21080:05 08 22 23 24 29
21079:01 03 10 24 28 29
21078:04 06 15 26 27 31
21077:08 15 17 25 27 30
21076:03 09 21 23 30 32
21075:12 15 16 21 22 29
21074:04 05 09 14 25 27
21073:01 06 18 22 24 25
21072:01 09 15 16 19 21
21071:01 07 24 31 32 33
21070:01 05 11 15 16 29
21069:06 11 18 20 23 26
21068:04 14 18 24 31 32
21067:01 11 19 23 25 29
21066:02 06 19 26 30 33
21065:01 04 08 19 29 33
21064:04 06 08 15 16 18
21063:04 05 06 09 23 24
21062:12 13 15 20 22 25
21061:04 09 12 18 20 23
21060:10 11 17 20 29 30
21059:01 09 11 18 32 33
21058:09 11 13 18 19 28
21057:05 06 09 17 25 33
21056:08 21 22 23 29 32
21055:03 11 12 16 22 28
21054:07 13 21 22 24 31
21053:07 10 14 16 24 33
21052:03 04 06 19 21 30
21051:08 09 10 19 27 29
21050:02 09 10 16 25 28
21049:04 11 13 22 25 32
21048:04 15 17 22 29 32
21047:03 07 13 16 24 29
21046:05 09 13 21 28 33
21045:01 04 14 15 17 32
21044:05 07 14 17 26 28
21043:02 03 17 18 23 24
21042:05 09 10 22 25 27
21041:02 09 18 23 26 32
21040:02 06 07 24 28 29
21039:02 08 21 24 29 31
21038:05 07 09 16 18 27
21037:13 17 19 24 26 30
21036:01 02 06 11 21 26
21035:12 14 18 20 26 28
21034:04 10 12 18 23 25
21033:02 12 13 14 31 33
21032:01 05 08 15 16 30
21031:06 11 21 25 28 31
21030:08 09 13 27 29 31
21029:08 10 15 17 22 30
21028:11 16 23 26 27 33
21027:05 07 09 16 20 26
21026:03 05 13 19 20 25
21025:06 08 14 17 18 30
21024:01 04 06 10 11 18
21023:02 21 22 23 27 28
21022:10 15 17 25 31 32
21021:04 08 17 24 28 33
21020:01 03 06 07 09 11
21019:12 16 17 24 28 29
21018:02 08 14 23 25 32
21017:09 15 18 29 32 33
21016:03 08 09 13 15 18
21015:06 14 16 26 28 29
21014:04 15 21 25 29 33
21013:06 09 12 16 27 31
21012:03 06 14 18 20 26
21011:05 10 16 23 27 33
21010:01 04 11 19 32 33
21009:02 04 07 24 25 32
21008:01 05 07 14 18 33
21007:02 04 12 21 25 32
21006:06 08 22 24 25 26
21005:07 09 14 26 30 31
21004:02 03 07 08 17 22
21003:06 09 16 18 22 29
21002:06 10 13 25 26 32
21001:02 03 13 18 20 31
20134:02 09 10 20 22 26
20133:03 19 22 23 27 29
20132:01 04 11 12 14 23
20131:08 19 22 26 27 30
20130:08 09 11 14 17 29
20129:01 02 05 15 28 33
20128:08 10 15 16 23 26
20127:01 04 18 19 26 31
20126:03 07 12 14 23 28
20125:05 12 16 26 30 31
20124:16 18 19 20 29 33
20123:01 03 18 19 26 29
20122:12 15 17 24 26 31
20121:02 04 06 21 25 29
20120:01 02 03 04 09 10
20119:01 09 22 28 32 33
20118:11 13 19 26 30 33
20117:07 08 09 10 16 27
20116:05 06 14 16 19 27
20115:01 04 12 20 25 32
20114:01 05 11 24 30 32
20113:01 03 07 10 22 32
20112:02 09 12 17 28 32
20111:06 09 17 22 24 26
20110:02 06 09 14 22 25
20109:06 13 16 20 23 32
20108:10 12 15 17 23 32
20107:03 09 11 24 25 28
20106:02 04 11 15 18 28
20105:06 14 19 20 22 24
20104:04 08 10 16 27 29
20103:04 09 10 22 28 32
20102:09 10 19 25 26 29
20101:10 17 24 25 28 30
20100:01 07 15 16 20 23
20099:05 06 11 12 15 30
20098:06 08 11 22 25 33
20097:02 08 21 25 26 30
20096:01 20 23 26 27 32
20095:03 09 16 17 20 26
20094:10 15 17 27 29 31
20093:04 05 10 13 15 19
20092:01 06 12 18 22 24
20091:01 09 11 12 16 19
20090:02 21 23 26 31 32
20089:02 14 16 21 29 30
20088:01 06 12 26 29 30
20087:11 15 20 23 25 33
20086:02 04 06 15 24 27
20085:01 02 05 09 19 24
20084:03 07 16 17 23 30
20083:01 19 25 26 30 31
20082:02 08 11 17 21 30
20081:01 05 13 14 27 33
20080:14 15 18 22 31 33
20079:05 12 20 21 22 29
20078:03 11 14 16 21 32
20077:03 10 16 21 25 27
20076:10 15 16 18 20 27
20075:03 11 13 20 24 30
20074:04 08 09 13 19 33
20073:05 07 11 13 27 29
20072:06 08 10 15 17 26
20071:09 11 12 13 22 23
20070:01 02 04 06 19 21
20069:03 09 10 13 18 26
20068:12 16 21 26 27 32
20067:04 07 09 23 27 30
20066:02 09 13 17 26 28
20065:09 15 18 21 23 26
20064:01 03 07 21 27 32
20063:12 15 16 22 29 32
20062:10 14 17 22 26 27
20061:08 17 24 26 27 31
20060:05 09 14 20 24 30
20059:02 04 10 17 22 25
20058:01 03 11 12 19 26
20057:09 14 21 23 26 32
20056:02 05 08 12 26 31
20055:01 05 07 23 28 30
20054:03 10 19 25 26 31
20053:02 14 15 16 32 33
20052:02 08 13 29 32 33
20051:03 06 08 11 19 28
20050:04 09 17 20 32 33
20049:01 07 09 12 18 22
20048:12 14 18 23 30 32
20047:04 10 17 19 28 32
20046:13 19 25 26 27 32
20045:02 03 15 21 22 33
20044:07 08 16 17 19 24
20043:01 11 24 25 27 30
20042:02 06 07 11 14 31
20041:06 07 16 22 24 25
20040:01 06 12 16 19 21
20039:02 09 10 11 16 29
20038:01 06 07 18 23 24
20037:01 04 11 13 17 24
20036:07 09 16 22 24 32
20035:10 14 24 25 28 33
20034:02 08 15 16 26 32
20033:07 10 12 21 31 32
20032:03 11 13 14 15 26
20031:02 05 09 15 16 27
20030:17 18 21 29 30 32
20029:01 12 18 20 30 32
20028:05 06 15 18 26 32
20027:12 13 14 24 25 28
20026:01 04 09 18 19 31
20025:01 09 10 15 20 29
20024:10 13 27 28 29 31
20023:04 05 20 21 30 33
20022:02 10 20 22 25 30
20021:02 06 14 16 27 31
20020:01 06 09 13 15 22
20019:15 19 27 28 30 33
20018:05 07 08 11 17 22
20017:02 04 07 15 20 27
20016:05 06 08 17 24 27
20015:08 09 22 24 30 33
20014:02 07 08 10 12 16
20013:02 08 10 20 21 30
20012:04 13 14 23 26 31
20011:04 05 07 17 18 29
20010:11 14 22 27 31 32
20009:03 06 08 14 19 26
20008:01 04 06 10 11 28
20007:05 12 17 20 25 31
20006:03 04 05 10 16 32
20005:11 16 17 22 26 32
20004:02 15 17 27 32 33
20003:09 17 26 29 30 32
20002:04 09 14 15 16 29
20001:02 15 23 26 29 30
19151:02 06 09 18 24 26
19150:02 09 14 22 27 29
19149:01 06 27 28 31 33
19148:09 10 13 20 26 27
19147:01 09 12 14 23 27
19146:01 04 10 12 30 32
19145:01 08 13 17 18 19
19144:02 12 15 19 27 30
19143:05 13 15 16 26 32
19142:08 14 24 27 29 33
19141:10 13 14 15 17 33
19140:02 04 09 11 14 22
19139:08 14 20 23 30 33
19138:02 06 12 30 31 32
19137:07 10 13 19 23 31
19136:12 14 15 17 29 33
19135:03 06 10 11 27 33
19134:01 04 06 22 29 30
19133:03 07 16 21 24 31
19132:04 06 11 14 19 33
19131:09 17 19 20 24 31
19130:01 07 09 11 24 32
19129:03 04 07 09 15 26
19128:03 08 12 16 17 19
19127:02 06 07 12 17 24
19126:02 14 17 29 32 33
19125:02 11 12 26 27 29
19124:04 09 30 31 32 33
19123:02 06 08 17 28 30
19122:04 10 15 19 21 23
19121:02 06 15 21 30 31
19120:10 12 27 31 32 33
19119:04 20 22 24 26 33
19118:12 14 15 25 28 31
19117:03 05 11 28 32 33
19116:01 08 09 13 16 33
19115:04 10 11 14 15 29
19114:02 04 09 11 12 30
19113:01 05 19 21 25 33
19112:03 12 14 17 23 27
19111:07 18 20 22 24 33
19110:01 18 22 26 27 28
19109:03 06 07 17 28 31
19108:07 13 19 22 25 32
19107:02 06 08 23 27 32
19106:02 14 22 27 30 33
19105:02 13 15 17 26 33
19104:01 05 16 17 18 24
19103:04 12 14 21 27 29
19102:03 08 12 16 20 32
19101:01 04 09 21 31 33
19100:01 04 12 13 30 32
19099:07 14 22 23 27 30
19098:03 11 12 14 17 26
19097:03 05 18 24 25 31
19096:05 07 12 18 27 32
19095:02 05 14 19 21 28
19094:05 10 12 18 19 27
19093:05 07 08 09 20 22
19092:09 17 27 28 32 33
19091:07 10 21 24 29 32
19090:02 03 06 08 14 22
19089:02 04 14 16 20 22
19088:13 14 15 21 23 29
19087:04 05 07 09 21 30
19086:16 22 24 26 28 31
19085:01 04 14 18 24 29
19084:04 08 14 18 20 27
19083:06 15 17 26 28 31
19082:07 16 19 22 24 28
19081:05 24 27 29 31 32
19080:03 06 08 20 24 32
19079:01 03 06 09 19 31
19078:01 17 27 29 31 33
19077:09 11 13 18 21 22
19076:12 15 19 20 29 32
19075:05 08 20 22 31 33
19074:12 21 27 29 31 33
19073:01 02 06 12 16 18
19072:02 09 13 15 22 30
19071:01 08 19 24 29 30
19070:06 15 18 19 24 32
19069:06 11 16 19 21 25
19068:03 14 20 24 26 33
19067:04 06 08 11 30 33
19066:01 14 17 20 22 32
19065:06 09 11 15 20 26
19064:12 20 24 25 30 33
19063:01 14 19 22 29 31
19062:07 13 16 23 26 30
19061:03 17 19 24 27 31
19060:03 04 14 20 23 27
19059:04 05 07 09 16 18
19058:07 08 12 21 23 27
19057:04 05 06 08 13 18
19056:13 14 17 19 21 29
19055:01 06 11 15 19 31
19054:07 10 11 15 24 26
19053:04 16 22 25 29 31
19052:03 06 09 13 16 19
19051:08 09 10 13 15 28
19050:04 06 10 11 21 23
19049:03 10 13 22 23 28
19048:03 07 10 12 18 29
19047:03 11 18 25 30 33
19046:02 12 16 22 25 32
19045:01 06 17 19 27 31
19044:06 14 16 17 23 29
19043:01 06 12 13 24 32
19042:15 17 19 22 25 26
19041:02 09 13 23 24 26
19040:05 06 09 18 23 31
19039:06 07 11 14 27 32
19038:09 12 21 27 29 30
19037:01 07 12 14 18 25
19036:02 10 13 16 23 32
19035:01 05 07 09 10 20
19034:09 11 15 22 24 26
19033:09 15 19 21 23 29
19032:04 08 09 13 28 33
19031:03 13 15 18 21 33
19030:04 05 07 10 12 22
19029:08 11 17 23 32 33
19028:04 19 22 26 29 30
19027:02 06 08 10 11 17
19026:03 13 15 19 20 27
19025:15 16 21 27 30 33
19024:01 08 23 25 28 29
19023:01 10 14 15 18 31
19022:03 07 11 21 30 33
19021:02 05 07 08 20 27
19020:02 12 13 23 27 28
19019:03 11 17 18 24 25
19018:04 11 18 19 26 32
19017:04 05 24 28 30 33
19016:05 07 09 11 19 25
19015:11 15 16 20 24 31
19014:01 02 03 14 19 33
19013:05 07 14 16 18 21
19012:07 10 21 23 31 33
19011:10 13 19 21 24 30
19010:02 04 05 08 11 30
19009:01 07 10 22 31 32
19008:02 06 09 13 28 32
19007:06 10 14 15 19 23
19006:01 05 10 19 26 28
19005:21 22 26 28 31 32
19004:08 12 16 19 26 32
19003:13 17 20 21 22 27
19002:04 05 06 08 09 18
19001:06 10 13 15 32 33
18153:01 07 17 23 25 31
18152:04 14 16 23 28 29
18151:05 15 19 25 26 29
18150:06 08 15 19 20 31
18149:01 07 08 10 12 24
18148:03 06 18 19 21 31
18147:03 15 17 23 27 30
18146:02 10 11 17 18 29
18145:03 09 13 22 23 25
18144:08 13 17 18 20 27
18143:04 06 15 28 32 33
18142:05 08 10 11 27 28
18141:11 14 16 18 24 33
18140:01 15 20 22 25 28
18139:11 18 20 23 31 32
18138:01 10 25 27 30 32
18137:03 05 11 15 20 23
18136:10 12 15 25 26 27
18135:01 03 06 10 11 29
18134:03 16 18 31 32 33
18133:02 04 11 12 18 32
18132:01 02 09 10 15 22
18131:21 22 24 31 32 33
18130:05 12 17 18 24 28
18129:02 04 06 16 18 19
18128:06 07 08 19 22 23
18127:02 05 06 07 11 15
18126:01 06 08 09 14 22
18125:03 10 11 14 15 32
18124:09 13 14 19 22 25
18123:13 21 24 27 31 32
18122:05 07 20 22 30 32
18121:06 08 14 19 23 25
18120:03 04 18 26 27 33
18119:03 13 14 16 25 27
18118:08 12 21 22 27 31
18117:08 11 15 17 23 25
18116:05 14 17 22 23 28
18115:01 13 19 24 26 29
18114:01 07 15 16 20 27
18113:01 06 09 16 25 26
18112:05 08 18 25 26 31
18111:01 07 14 24 25 28
18110:11 13 16 21 22 23
18109:10 11 18 23 31 33
18108:05 13 18 21 26 30
18107:01 02 05 12 20 22
18106:04 18 19 24 25 26
18105:04 05 13 18 19 25
18104:02 03 06 19 25 29
18103:02 09 15 22 23 24
18102:02 06 11 19 21 28
18101:01 03 14 26 29 33
18100:02 11 14 15 29 33
18099:03 07 08 14 25 32
18098:06 10 11 20 29 32
18097:01 02 17 20 25 28
18096:01 05 09 20 28 32
18095:10 11 12 21 26 33
18094:04 07 16 20 24 30
18093:04 18 20 21 29 33
18092:06 10 16 19 24 33
18091:06 11 13 17 25 32
18090:01 02 04 10 14 23
18089:06 09 12 14 18 27
18088:03 05 12 29 30 32
18087:01 05 10 16 18 31
18086:02 07 17 21 23 26
18085:04 10 25 26 30 33
18084:05 06 08 12 22 24
18083:04 09 18 21 32 33
18082:06 12 14 20 22 24
18081:01 02 12 16 20 26
18080:04 07 13 20 29 33
18079:14 15 17 22 24 29
18078:03 10 14 17 18 30
18077:02 05 09 15 20 24
18076:03 07 08 15 29 30
18075:07 09 12 13 22 24
18074:09 11 14 20 27 30
18073:02 09 14 15 16 23
18072:11 16 19 22 25 30
18071:02 05 06 13 16 19
18070:04 09 15 16 19 27
18069:06 13 17 19 23 31
18068:08 10 17 20 27 30
18067:01 04 09 12 15 18
18066:09 16 17 19 22 26
18065:01 04 06 14 28 33
18064:02 05 10 11 17 21
18063:05 06 10 16 20 25
18062:02 18 19 24 25 33
18061:09 10 11 12 18 23
18060:04 08 13 25 30 31
18059:04 06 08 13 22 32
18058:07 12 13 16 26 31
18057:05 15 17 19 20 30
18056:01 03 06 20 21 26
18055:07 09 10 12 22 26
18054:04 06 18 22 25 33
18053:01 04 10 11 14 27
18052:03 05 06 09 15 32
18051:05 07 20 23 27 31
18050:01 02 04 10 18 19
18049:01 03 04 11 19 23
18048:01 12 20 25 30 31
18047:06 07 12 16 22 25
18046:10 13 14 18 20 31
18045:03 04 06 25 26 30
18044:05 09 12 17 27 30
18043:01 04 06 08 21 24
18042:06 10 21 28 29 31
18041:07 08 20 23 24 32
18040:01 03 08 13 18 23
18039:08 12 18 19 23 32
18038:15 23 24 25 28 29
18037:01 06 07 08 27 30
18036:08 17 24 26 28 33
18035:07 10 11 17 23 28
18034:01 05 11 22 23 26
18033:04 19 20 22 28 33
18032:21 22 23 24 25 32
18031:02 16 18 19 27 30
18030:13 14 20 21 25 33
18029:01 02 09 14 22 25
18028:03 08 11 14 18 23
18027:02 07 09 14 18 28
18026:04 07 12 14 26 32
18025:04 13 16 19 21 25
18024:11 19 22 26 31 32
18023:12 15 16 21 26 29
18022:07 14 19 21 22 23
18021:03 04 06 11 23 28
18020:06 09 10 14 28 30
18019:03 11 12 16 21 23
18018:02 12 13 18 25 27
18017:03 06 11 26 30 32
18016:01 11 12 18 25 27
18015:11 15 20 21 26 33
18014:09 12 20 24 28 31
18013:06 08 13 15 22 33
18012:11 12 13 19 26 28
18011:03 10 21 23 27 33
18010:01 08 17 20 21 22
18009:05 10 17 23 26 32
18008:05 09 10 12 17 19
18007:13 14 20 25 27 31
18006:02 07 08 09 17 29
18005:02 20 21 28 31 33
18004:14 18 19 26 30 31
18003:01 14 16 17 20 31
18002:07 18 24 29 31 33
18001:01 08 11 26 28 31
17154:05 09 13 15 18 26
17153:07 11 12 13 18 19
17152:06 10 23 25 26 29
17151:02 05 07 09 11 27
17150:06 14 19 20 21 23
17149:05 08 15 20 27 30
17148:04 07 11 14 29 32
17147:03 07 20 21 25 31
17146:01 19 25 26 27 33
17145:02 06 12 17 25 28
17144:03 14 16 20 31 32
17143:04 06 09 14 20 29
17142:08 13 14 18 23 33
17141:01 06 07 11 13 15
17140:21 22 25 28 29 30
17139:02 14 20 24 28 32
17138:01 17 24 28 32 33
17137:05 10 20 23 26 31
17136:03 07 10 18 21 24
17135:01 06 07 14 18 26
17134:04 05 11 14 28 32
17133:06 15 17 18 23 30
17132:02 03 05 09 13 28
17131:01 07 10 11 26 27
17130:05 13 14 23 25 31
17129:05 06 09 14 21 33
17128:02 06 13 22 29 31
17127:14 15 21 24 27 32
17126:01 16 17 21 27 30
17125:01 14 23 25 29 30
17124:02 06 11 26 28 29
17123:04 05 06 11 21 31
17122:11 20 21 22 24 27
17121:11 18 19 22 24 32
17120:08 10 15 19 23 28
17119:09 16 21 25 26 31
17118:08 09 15 22 30 33
17117:01 02 08 11 14 21
17116:02 14 20 22 30 32
17115:04 10 11 25 30 31
17114:06 12 13 15 18 26
17113:04 06 16 27 29 33
17112:03 10 14 16 22 23
17111:05 10 17 19 29 32
17110:01 03 12 15 19 23
17109:08 14 16 18 21 23
17108:07 12 14 15 17 20
17107:08 09 15 17 30 32
17106:12 15 20 25 27 31
17105:03 06 07 12 25 26
17104:01 14 15 20 23 30
17103:01 21 23 25 31 33
17102:04 08 10 14 18 20
17101:01 04 11 28 31 32
17100:04 07 08 18 23 24
17099:02 05 06 16 28 29
17098:04 19 22 27 30 33
17097:05 10 18 19 30 31
17096:02 06 11 12 19 29
17095:09 10 12 19 22 29
17094:08 11 13 19 28 31
17093:07 08 09 15 22 27
17092:10 18 19 29 32 33
17091:05 07 10 23 28 29
17090:01 07 10 16 22 33
17089:11 12 13 16 23 25
17088:07 09 18 22 23 29
17087:03 06 13 14 19 28
17086:03 05 06 13 20 22
17085:01 05 06 16 25 30
17084:01 05 11 20 22 24
17083:03 08 14 20 24 26
17082:14 18 21 25 28 29
17081:03 05 14 25 26 30
17080:01 12 16 20 22 24
17079:03 07 14 23 25 27
17078:05 07 18 19 22 24
17077:01 02 04 15 17 22
17076:01 04 08 09 14 15
17075:01 03 06 19 21 29
17074:02 06 16 23 30 31
17073:03 06 16 23 26 30
17072:06 11 14 23 26 30
17071:02 03 06 14 31 32
17070:01 06 14 22 25 26
17069:02 11 12 23 29 31
17068:02 06 10 22 30 31
17067:01 03 04 10 18 29
17066:01 04 06 17 19 26
17065:02 05 08 10 12 21
17064:02 10 16 22 24 28
17063:12 16 20 22 25 31
17062:01 07 22 24 26 31
17061:06 07 12 20 26 27
17060:05 10 13 24 26 31
17059:04 08 09 15 19 25
17058:01 09 13 22 28 32
17057:18 20 22 23 30 31
17056:13 14 18 19 21 28
17055:07 12 13 20 24 31
17054:02 03 09 23 28 33
17053:04 09 11 15 29 31
17052:07 08 18 24 29 31
17051:02 05 09 15 24 25
17050:10 12 20 24 27 29
17049:01 08 14 15 20 29
17048:05 08 09 14 15 19
17047:02 05 08 10 32 33
17046:04 13 14 23 26 32
17045:05 07 16 20 21 25
17044:08 16 19 21 31 32
17043:08 13 16 23 27 31
17042:01 02 04 07 10 23
17041:04 10 13 15 22 27
17040:15 19 23 28 29 33
17039:02 04 12 14 17 24
17038:01 04 08 13 24 27
17037:11 15 20 22 25 30
17036:01 02 05 10 24 27
17035:01 06 14 24 28 32
17034:04 07 08 19 32 33
17033:05 07 15 20 23 30
17032:05 08 15 24 27 31
17031:06 10 16 26 27 29
17030:01 07 09 20 23 30
17029:02 15 21 23 25 30
17028:07 08 12 13 22 30
17027:02 04 11 14 27 30
17026:03 10 12 19 27 30
17025:02 15 16 17 22 32
17024:09 21 25 26 29 31
17023:01 03 04 11 18 22
17022:02 06 15 16 18 32
17021:02 05 10 22 32 33
17020:04 08 10 12 31 33
17019:04 06 08 12 23 25
17018:01 02 03 17 25 31
17017:03 07 08 10 22 23
17016:05 08 16 22 27 29
17015:01 08 09 14 17 32
17014:06 08 18 20 23 31
17013:08 11 28 29 31 33
17012:10 11 14 15 16 24
17011:10 11 12 23 26 29
17010:05 08 19 25 28 30
17009:02 06 08 09 15 29
17008:07 13 15 27 28 29
17007:02 04 05 24 26 33
17006:02 04 08 26 29 33
17005:06 11 12 22 23 30
17004:05 13 17 26 27 30
17003:01 04 08 15 27 32
17002:15 19 23 24 25 32
17001:09 11 14 20 25 26
16153:07 09 16 24 25 29
16152:02 08 09 16 20 22
16151:06 11 16 20 22 33
16150:02 04 05 09 13 21
16149:03 20 23 26 32 33
16148:01 02 11 20 26 30
16147:04 14 18 28 31 32
16146:03 07 15 16 17 23
16145:01 03 07 12 19 20
16144:04 10 12 27 32 33
16143:06 09 23 24 25 33
16142:01 10 17 21 23 30
16141:04 13 15 17 21 24
16140:01 02 05 17 26 32
16139:01 06 19 26 28 30
16138:07 16 20 24 25 30
16137:01 06 09 10 15 32
16136:02 07 10 20 27 29
16135:02 08 10 18 20 33
16134:11 12 13 14 18 33
16133:15 16 21 22 27 33
16132:05 08 13 19 27 28
16131:04 10 18 19 25 27
16130:03 17 21 23 27 28
16129:05 06 08 21 31 33
16128:04 09 11 17 26 27
16127:07 12 17 26 29 31
16126:02 06 12 17 18 19
16125:01 06 08 20 27 30
16124:09 15 21 24 27 32
16123:07 09 12 14 20 27
16122:15 22 23 24 28 29
16121:02 03 10 23 25 28
16120:02 05 06 21 25 28
16119:09 19 21 30 31 32
16118:09 14 22 23 31 33
16117:03 10 14 17 28 33
16116:07 18 20 23 27 31
16115:06 08 20 22 26 27
16114:05 16 20 22 27 29
16113:01 11 16 17 20 26
16112:06 12 14 15 18 25
16111:02 04 07 14 15 32
16110:05 07 28 31 32 33
16109:09 11 15 16 27 33
16108:02 03 07 08 19 26
16107:06 11 18 26 27 32
16106:04 05 13 22 25 30
16105:08 10 19 27 28 31
16104:05 09 11 18 30 31
16103:01 05 13 19 24 27
16102:05 08 10 14 17 30
16101:01 03 19 24 32 33
16100:03 10 22 23 27 29
16099:01 11 21 23 27 33
16098:02 08 25 29 31 32
16097:06 13 25 26 28 31
16096:06 13 14 21 22 24
16095:01 05 09 12 18 32
16094:06 07 10 12 18 31
16093:06 09 15 17 25 27
16092:02 13 15 23 24 29
16091:04 08 14 22 23 28
16090:02 13 17 20 21 26
16089:01 03 14 30 31 32
16088:03 14 16 18 25 33
16087:02 03 10 11 14 21
16086:09 10 11 12 15 32
16085:01 12 19 20 21 25
16084:02 04 12 18 24 26
16083:09 16 17 24 30 31
16082:06 12 14 15 17 20
16081:02 06 15 25 30 32
16080:01 16 17 24 25 32
16079:01 03 10 12 24 28
16078:02 04 08 23 26 29
16077:01 09 17 19 20 29
16076:07 08 13 22 30 32
16075:01 03 06 16 29 32
16074:06 10 11 12 20 25
16073:09 11 12 15 16 20
16072:05 16 19 22 24 25
16071:19 21 26 28 29 32
16070:03 06 11 18 23 29
16069:08 10 11 20 21 27
16068:08 19 23 28 31 32
16067:09 13 18 20 27 31
16066:03 07 13 18 19 20
16065:13 16 22 25 26 27
16064:03 12 14 17 19 26
16063:16 17 18 23 28 32
16062:12 13 15 18 19 21
16061:05 06 08 18 20 32
16060:04 05 22 26 29 32
16059:04 11 12 20 25 28
16058:03 05 18 20 24 32
16057:07 12 19 22 23 26
16056:03 04 08 11 16 18
16055:05 06 10 16 22 26
16054:06 11 16 19 28 32
16053:02 08 10 12 29 31
16052:01 06 13 19 24 28
16051:01 02 04 09 15 33
16050:09 12 24 28 29 30
16049:06 08 13 14 22 27
16048:03 08 13 14 15 30
16047:02 05 08 15 17 22
16046:07 20 25 26 27 30
16045:04 09 12 17 30 32
16044:01 03 10 12 18 30
16043:05 14 20 26 30 33
16042:07 14 17 23 26 31
16041:12 17 18 21 22 24
16040:03 13 19 20 23 26
16039:01 03 07 18 19 27
16038:03 12 13 22 28 29
16037:06 15 26 31 32 33
16036:03 04 07 09 20 22
16035:04 13 19 20 26 29
16034:03 15 21 22 23 28
16033:06 17 18 20 27 29
16032:08 12 14 15 21 27
16031:03 08 10 19 26 33
16030:10 14 19 22 25 29
16029:12 15 18 20 21 27
16028:06 08 12 21 25 29
16027:11 13 15 17 19 31
16026:04 09 12 28 30 33
16025:04 11 12 17 24 30
16024:02 05 07 14 18 31
16023:03 06 10 19 25 29
16022:04 09 19 22 23 30
16021:09 11 13 22 24 26
16020:01 02 10 12 22 24
16019:06 13 16 17 23 30
16018:12 13 14 17 21 25
16017:05 06 08 20 22 30
16016:01 20 22 24 25 26
16015:01 02 14 22 25 26
16014:02 08 10 18 20 27
16013:07 12 21 22 26 31
16012:07 12 14 16 27 32
16011:03 08 10 15 22 29
16010:02 04 12 14 19 25
16009:10 14 24 25 27 32
16008:02 15 24 29 32 33
16007:05 12 14 20 27 29
16006:13 16 18 20 28 31
16005:11 14 18 20 31 33
16004:08 10 17 22 25 33
16003:01 10 14 23 26 28
16002:09 14 17 20 24 30
16001:06 13 16 18 20 22
15154:07 09 11 15 18 25
15153:08 11 15 22 27 29
15152:11 18 19 21 29 32
15151:05 06 08 23 31 32
15150:01 03 08 11 29 31
15149:09 10 20 21 22 33
15148:09 13 14 22 26 27
15147:08 09 16 23 24 30
15146:16 17 21 28 30 32
15145:07 08 15 19 20 24
15144:01 04 07 15 28 32
15143:13 15 19 20 21 32
15142:13 17 19 20 22 25
15141:03 08 19 25 27 28
15140:06 20 28 29 30 31
15139:01 10 13 18 25 27
15138:01 02 08 16 19 24
15137:14 22 23 27 28 31
15136:02 05 12 23 28 29
15135:01 12 14 18 26 32
15134:02 05 14 19 27 31
15133:02 03 13 20 22 24
15132:03 05 11 28 30 33
15131:10 12 13 19 22 26
15130:06 14 15 16 17 22
15129:05 08 11 16 18 27
15128:01 03 08 11 22 28
15127:07 10 19 22 27 33
15126:10 11 15 20 23 29
15125:05 13 22 27 30 33
15124:02 03 05 12 18 27
15123:05 08 09 12 22 28
15122:05 07 11 16 22 25
15121:01 03 20 21 28 29
15120:16 21 24 26 27 29
15119:02 08 10 18 23 31
15118:01 04 11 21 23 31
15117:04 11 12 18 26 32
15116:04 06 15 23 26 28
15115:01 07 08 14 24 32
15114:04 07 09 13 21 26
15113:01 05 07 08 19 27
15112:01 03 10 19 20 27
15111:08 14 16 18 20 30
15110:05 07 16 17 22 23
15109:01 08 09 16 32 33
15108:02 12 19 22 24 27
15107:07 14 16 18 21 25
15106:01 03 04 23 31 32
15105:09 10 16 19 20 26
15104:09 18 21 23 25 26
15103:06 08 13 26 30 32
15102:07 09 12 14 21 23
15101:08 16 22 24 28 29
15100:02 03 11 17 19 21
15099:06 07 10 11 14 22
15098:06 09 13 26 27 33
15097:09 12 14 20 26 27
15096:06 16 17 23 24 31
15095:04 15 21 28 30 31
15094:01 04 06 13 16 17
15093:01 03 13 21 25 31
15092:09 15 19 21 26 27
15091:05 07 17 19 22 31
15090:10 12 14 22 25 33
15089:12 14 19 27 28 29
15088:02 12 20 24 29 31
15087:09 15 16 19 20 28
15086:05 06 08 16 18 22
15085:02 08 25 27 28 29
15084:15 18 20 22 28 29
15083:06 07 16 18 29 32
15082:02 08 09 14 28 30
15081:13 20 22 26 28 31
15080:14 17 25 27 28 30
15079:09 14 15 20 26 32
15078:03 07 20 22 26 29
15077:01 06 08 10 13 27
15076:01 09 10 19 23 27
15075:06 11 13 19 21 32
15074:04 07 21 25 26 29
15073:01 02 17 22 26 27
15072:01 03 05 20 21 31
15071:08 18 20 28 29 31
15070:01 07 13 19 21 29
15069:01 13 17 18 23 30
15068:06 15 18 21 26 27
15067:02 05 08 24 25 31
15066:05 08 11 17 24 28
15065:08 10 14 19 26 29
15064:11 12 14 17 23 27
15063:01 07 09 16 22 32
15062:09 14 15 18 21 26
15061:06 18 22 26 32 33
15060:01 03 18 27 31 32
15059:02 06 09 16 25 32
15058:02 09 10 18 19 20
15057:09 20 24 25 26 32
15056:01 07 08 16 18 20
15055:01 10 15 18 19 28
15054:01 02 07 10 22 26
15053:03 07 17 22 32 33
15052:02 04 11 16 25 26
15051:04 10 24 26 28 32
15050:03 09 12 16 17 31
15049:07 12 14 17 20 23
15048:13 16 17 22 25 27
15047:02 03 20 24 26 27
15046:05 07 10 14 23 31
15045:01 05 13 22 30 31
15044:02 03 04 13 14 16
15043:11 12 15 24 26 27
15042:09 10 19 21 23 32
15041:04 09 11 17 21 25
15040:13 16 18 27 30 32
15039:01 13 15 26 29 30
15038:05 06 11 12 14 33
15037:05 07 12 18 28 31
15036:04 06 16 17 26 33
15035:01 08 09 22 24 33
15034:12 13 17 18 20 27
15033:03 06 21 29 31 32
15032:11 14 16 18 29 32
15031:01 05 07 22 26 32
15030:08 11 14 15 16 26
15029:07 14 15 19 21 28
15028:04 07 10 26 27 28
15027:05 07 09 16 26 29
15026:02 13 17 21 22 33
15025:10 11 12 15 27 32
15024:09 11 16 18 23 24
15023:08 09 10 13 29 30
15022:04 07 10 16 23 25
15021:14 15 16 17 27 28
15020:01 04 07 19 22 23
15019:02 06 11 19 25 26
15018:06 09 12 14 28 29
15017:13 18 20 25 27 33
15016:02 06 10 15 17 31
15015:01 07 20 24 25 33
15014:02 12 16 19 27 30
15013:08 09 24 25 26 29
15012:03 05 22 23 29 31
15011:04 14 15 17 18 20
15010:01 02 03 08 21 31
15009:04 07 14 17 21 25
15008:04 07 10 16 20 22
15007:01 07 09 17 20 33
15006:01 10 11 29 31 33
15005:07 10 16 17 18 32
15004:02 14 15 16 23 24
15003:10 15 20 23 24 31
15002:07 15 16 25 28 32
15001:01 07 09 16 20 23
14152:08 13 15 20 21 25
14151:04 05 08 11 21 27
14150:03 08 14 22 24 32
14149:07 09 10 15 19 33
14148:01 02 05 12 15 16
14147:06 07 22 26 31 32
14146:01 06 13 20 29 32
14145:10 12 13 23 26 29
14144:03 05 06 09 10 27
14143:03 12 18 20 25 26
14142:06 21 22 23 25 28
14141:08 09 11 16 21 24
14140:06 10 11 14 17 33
14139:01 14 15 20 25 29
14138:04 06 13 29 31 33
14137:03 06 09 11 25 29
14136:03 16 19 27 31 32
14135:02 04 11 13 25 33
14134:05 16 22 23 26 28
14133:13 14 16 23 30 31
14132:05 06 14 15 18 33
14131:05 17 21 22 28 32
14130:01 02 10 24 30 33
14129:05 08 09 20 28 32
14128:05 07 08 17 18 24
14127:02 10 12 21 23 27
14126:06 11 16 17 22 27
14125:10 11 15 26 31 32
14124:02 17 20 24 31 33
14123:01 06 11 17 28 33
14122:06 09 11 16 20 29
14121:01 02 13 22 28 30
14120:01 07 12 16 23 28
14119:06 13 17 20 26 29
14118:05 07 15 18 26 30
14117:05 10 17 25 28 29
14116:09 10 14 15 19 29
14115:01 09 10 11 13 32
14114:02 07 23 30 32 33
14113:12 14 28 31 32 33
14112:01 15 16 21 24 30
14111:02 08 17 20 22 28
14110:01 08 11 13 19 30
14109:02 05 11 15 19 28
14108:03 08 09 20 23 28
14107:11 14 17 22 25 27
14106:09 14 17 18 21 25
14105:14 16 17 19 27 32
14104:02 06 12 19 27 28
14103:03 08 09 10 18 33
14102:14 16 21 24 28 31
14101:16 18 20 23 24 32
14100:01 06 09 10 14 16
14099:01 05 10 11 13 32
14098:02 13 17 20 29 31
14097:07 13 24 25 27 32
14096:12 14 17 19 22 24
14095:05 06 08 14 22 31
14094:01 10 18 20 23 29
14093:02 08 09 10 20 29
14092:03 13 18 19 22 26
14091:01 05 12 19 27 29
14090:05 09 11 19 24 32
14089:04 06 14 17 27 30
14088:03 06 11 14 16 29
14087:06 18 22 23 32 33
14086:02 04 10 12 14 30
14085:01 02 11 19 23 29
14084:01 06 09 10 13 25
14083:05 06 19 21 23 33
14082:02 04 20 25 26 29
14081:08 14 22 24 27 29
14080:05 14 16 17 25 30
14079:02 07 16 22 27 28
14078:02 03 05 06 09 17
14077:08 09 12 15 19 22
14076:06 10 12 17 18 33
14075:03 09 11 22 27 29
14074:01 03 06 13 30 31
14073:01 12 16 20 30 33
14072:01 03 07 13 19 32
14071:02 04 12 17 22 25
14070:01 07 09 19 28 29
14069:05 12 17 19 25 30
14068:04 12 13 22 27 29
14067:01 06 07 17 18 23
14066:02 05 15 17 18 21
14065:03 04 05 08 10 22
14064:02 09 15 16 29 32
14063:03 08 17 21 22 31
14062:06 09 15 24 25 26
14061:02 14 17 27 28 31
14060:03 05 14 18 25 33
14059:05 08 12 13 23 25
14058:02 03 12 13 14 25
14057:02 04 12 18 23 31
14056:01 11 18 20 28 29
14055:02 09 14 19 21 30
14054:01 04 05 11 29 30
14053:14 17 19 22 26 31
14052:09 13 15 28 30 33
14051:10 16 19 21 23 24
14050:03 17 23 25 26 32
14049:06 07 16 17 23 32
14048:06 09 16 17 24 25
14047:08 10 11 12 19 29
14046:02 10 11 17 18 22
14045:02 04 09 11 19 22
14044:04 09 21 27 28 33
14043:02 05 09 14 24 33
14042:12 15 20 25 28 33
14041:07 11 16 18 21 22
14040:03 04 06 11 12 15
14039:03 11 15 19 20 31
14038:04 07 22 23 24 33
14037:06 13 14 24 25 30
14036:01 07 08 09 11 22
14035:07 08 09 17 32 33
14034:01 03 04 08 25 31
14033:05 13 23 28 32 33
14032:01 02 14 22 29 33
14031:04 10 16 17 21 27
14030:12 18 19 23 24 30
14029:02 07 14 16 21 29
14028:06 16 21 27 30 32
14027:08 10 14 16 30 31
14026:01 02 05 06 11 23
14025:01 05 10 14 16 30
14024:08 10 16 20 23 30
14023:07 09 13 17 21 22
14022:04 06 07 10 21 26
14021:08 10 15 17 22 29
14020:09 14 17 23 24 25
14019:02 10 15 19 20 21
14018:13 17 18 21 30 33
14017:04 06 07 14 25 26
14016:02 03 07 13 21 24
14015:02 11 19 30 32 33
14014:04 09 19 22 25 29
14013:05 09 13 15 17 21
14012:01 08 11 19 21 24
14011:09 10 13 14 21 32
14010:05 07 08 20 31 33
14009:08 09 19 20 25 32
14008:05 14 16 21 29 30
14007:08 10 12 14 18 28
14006:03 04 07 17 21 27
14005:15 18 23 27 32 33
14004:01 04 19 22 24 25
14003:06 10 11 28 30 33
14002:04 21 23 31 32 33
14001:03 09 15 20 27 29
13154:07 11 14 19 24 29
13153:08 11 13 18 28 33
13152:04 06 14 16 18 29
13151:03 09 10 19 28 33
13150:01 15 16 25 26 29
13149:09 18 25 26 30 32
13148:06 11 12 14 17 22
13147:02 15 16 17 19 30
13146:08 20 25 30 32 33
13145:06 10 13 16 23 24
13144:05 07 12 19 27 31
13143:12 18 21 22 27 32
13142:11 12 14 20 22 29
13141:03 04 05 25 30 31
13140:01 05 12 13 21 22
13139:07 08 11 13 21 27
13138:04 15 16 24 27 28
13137:04 17 19 23 24 27
13136:04 06 14 16 18 26
13135:09 23 24 25 29 31
13134:01 17 18 19 25 29
13133:04 07 12 19 22 25
13132:20 21 22 23 25 27
13131:04 06 12 17 19 26
13130:01 03 15 16 31 33
13129:05 06 10 14 27 31
13128:07 13 17 19 25 31
13127:02 03 13 20 22 33
13126:04 10 19 27 31 33
13125:04 06 08 18 25 28
13124:03 09 15 23 25 30
13123:01 02 06 11 17 25
13122:07 10 13 15 26 27
13121:04 05 06 07 25 27
13120:05 06 13 18 23 31
13119:05 15 20 22 26 32
13118:02 03 17 22 32 33
13117:09 12 13 24 27 33
13116:12 15 21 26 32 33
13115:03 12 16 17 18 27
13114:04 06 17 21 23 33
13113:04 07 11 17 24 33
13112:01 06 12 13 22 31
13111:01 02 03 06 08 33
13110:15 17 18 21 29 32
13109:09 23 24 27 29 32
13108:16 21 22 28 31 32
13107:07 09 11 17 28 31
13106:09 11 23 30 31 32
13105:01 11 23 27 31 32
13104:01 02 04 15 17 28
13103:02 04 09 13 18 20
13102:02 04 05 06 08 16
13101:05 07 09 23 27 32
13100:04 08 11 14 16 20
13099:05 11 20 21 26 31
13098:07 15 18 19 20 26
13097:05 14 17 22 23 25
13096:01 02 22 28 29 30
13095:01 06 15 19 28 29
13094:02 04 14 18 20 22
13093:01 02 08 26 29 31
13092:07 11 15 21 26 31
13091:04 14 24 25 28 31
13090:02 05 11 23 24 29
13089:04 08 12 19 21 25
13088:09 15 20 21 22 24
13087:02 13 19 23 24 28
13086:02 04 11 13 16 26
13085:02 08 12 14 16 32
13084:05 07 09 11 20 21
13083:05 06 12 14 19 23
13082:04 13 14 20 22 30
13081:01 04 10 13 21 31
13080:10 11 12 23 28 32
13079:07 13 17 19 22 26
13078:03 05 17 18 26 27
13077:09 14 23 24 26 29
13076:14 23 24 26 29 30
13075:04 06 09 25 30 33
13074:03 06 08 14 19 32
13073:02 09 13 17 20 28
13072:02 08 11 14 19 33
13071:05 12 21 23 26 28
13070:02 03 09 10 28 30
13069:07 16 17 18 30 33
13068:02 07 13 20 25 27
13067:01 04 09 15 22 30
13066:01 03 16 17 20 32
13065:07 18 19 23 29 30
13064:01 09 13 22 25 32
13063:10 15 18 20 23 31
13062:01 06 07 19 22 27
13061:05 06 07 12 13 18
13060:05 07 10 13 19 20
13059:03 10 18 24 27 29
13058:08 11 17 21 23 24
13057:13 16 19 23 26 28
13056:03 12 25 26 28 29
13055:08 18 19 22 27 32
13054:03 04 08 14 21 28
13053:03 12 13 22 30 33
13052:06 07 14 21 22 24
13051:08 12 15 19 28 29
13050:03 07 13 18 22 25
13049:10 13 14 16 21 32
13048:10 13 17 28 30 32
13047:01 08 11 17 27 30
13046:03 16 19 20 24 26
13045:06 07 08 14 23 31
13044:03 05 11 18 26 28
13043:03 06 14 15 17 25
13042:01 08 12 13 15 33
13041:02 10 12 17 23 24
13040:02 04 10 12 17 30
13039:01 02 14 15 24 29
13038:09 10 12 14 15 19
13037:02 15 18 27 28 32
13036:04 05 09 27 29 31
13035:01 14 15 17 26 30
13034:06 15 20 22 26 33
13033:05 06 13 17 19 28
13032:04 21 25 29 30 33
13031:03 13 14 15 21 33
13030:07 14 18 25 26 29
13029:06 07 10 19 23 29
13028:07 08 14 25 26 28
13027:01 02 04 12 21 24
13026:04 11 14 15 22 31
13025:16 17 18 24 25 30
13024:04 05 13 23 27 30
13023:03 06 15 18 30 32
13022:02 04 07 09 15 20
13021:01 06 17 19 26 31
13020:01 07 08 12 16 21
13019:01 02 05 16 20 26
13018:02 08 13 28 29 30
13017:04 06 12 30 31 32
13016:02 05 06 12 14 28
13015:05 06 07 11 13 18
13014:02 04 05 17 19 20
13013:05 06 13 19 22 28
13012:06 14 17 22 28 29
13011:03 12 17 24 27 29
13010:01 09 11 17 32 33
13009:01 04 09 13 16 23
13008:03 08 17 21 25 32
13007:02 09 15 22 26 32
13006:09 10 13 17 22 30
13005:01 13 14 25 31 32
13004:06 10 16 20 27 32
13003:22 23 26 27 28 33
13002:01 16 18 22 28 30
13001:06 08 14 15 24 25
12154:05 07 12 16 28 32
12153:04 05 11 21 27 28
12152:10 12 18 22 28 29
12151:05 14 24 25 26 32
12150:09 11 17 23 24 26
12149:01 05 13 25 26 32
12148:03 06 11 17 21 31
12147:02 12 15 23 24 32
12146:01 05 07 13 29 32
12145:05 20 26 27 28 33
12144:03 10 12 13 27 30
12143:07 08 18 25 30 32
12142:05 18 22 28 29 31
12141:03 05 08 19 20 27
12140:14 18 27 30 31 33
12139:08 19 21 24 28 31
12138:01 07 16 17 19 21
12137:01 02 04 06 13 17
12136:02 07 08 17 21 28
12135:02 05 07 08 11 17
12134:02 05 06 07 13 23
12133:01 08 11 20 21 29
12132:07 12 16 17 21 25
12131:06 18 19 26 28 32
12130:01 03 15 20 22 31
12129:01 07 09 17 21 29
12128:05 09 12 29 30 31
12127:01 09 11 21 26 32
12126:03 05 12 15 23 24
12125:08 12 13 26 29 33
12124:06 07 21 25 27 33
12123:08 10 16 25 28 33
12122:12 13 19 22 28 29
12121:01 07 08 20 23 24
12120:01 04 20 24 28 29
12119:12 20 25 26 27 28
12118:05 06 07 12 15 28
12117:13 15 18 20 24 28
12116:03 21 26 29 31 32
12115:03 08 20 24 26 32
12114:01 06 11 26 27 29
12113:03 06 09 13 18 32
12112:08 15 20 21 27 31
12111:02 09 10 20 22 31
12110:03 07 10 13 22 32
12109:02 12 24 26 29 31
12108:01 09 12 13 19 28
12107:11 12 15 24 25 31
12106:13 14 20 22 23 32
12105:06 13 14 15 17 30
12104:04 05 09 10 19 28
12103:04 09 11 14 32 33
12102:13 25 27 28 29 30
12101:09 12 17 18 20 33
12100:05 07 15 18 25 33
12099:08 12 15 16 21 27
12098:02 12 19 26 29 31
12097:05 08 13 14 19 22
12096:04 07 11 16 29 33
12095:17 24 27 28 29 30
12094:06 09 14 16 23 33
12093:03 05 19 21 24 33
12092:06 13 17 18 28 32
12091:01 05 07 08 19 21
12090:02 13 20 25 29 30
12089:03 07 10 13 14 25
12088:03 05 23 24 27 31
12087:03 10 11 13 14 22
12086:08 09 13 15 22 23
12085:05 17 24 30 31 33
12084:02 10 20 26 28 29
12083:04 09 14 15 26 33
12082:02 04 11 18 22 29
12081:02 05 10 24 25 29
12080:04 09 14 15 16 27
12079:06 07 12 24 30 33
12078:08 15 22 24 28 33
12077:02 04 13 18 26 28
12076:11 18 22 27 29 30
12075:04 06 22 23 29 32
12074:15 16 18 19 28 32
12073:04 07 09 10 17 27
12072:02 03 07 09 13 30
12071:03 04 19 21 22 23
12070:02 03 04 24 31 32
12069:08 10 11 18 20 29
12068:05 17 22 26 32 33
12067:04 05 10 21 26 30
12066:01 02 09 26 29 33
12065:08 10 18 19 27 31
12064:05 10 11 16 23 24
12063:02 10 17 19 24 27
12062:02 13 16 17 20 31
12061:03 08 11 12 14 18
12060:07 10 13 16 17 29
12059:04 13 21 22 26 31
12058:03 06 15 20 25 26
12057:03 05 19 21 27 31
12056:04 07 14 17 26 31
12055:04 06 13 20 24 28
12054:06 14 18 20 30 33
12053:04 15 22 25 27 33
12052:02 03 05 06 20 24
12051:02 12 14 17 30 31
12050:07 13 15 17 19 24
12049:04 12 13 19 20 32
12048:01 05 14 22 24 30
12047:06 07 11 16 32 33
12046:04 12 19 20 23 33
12045:08 11 20 21 27 30
12044:06 09 10 14 22 25
12043:02 09 11 21 26 33
12042:05 06 11 19 24 28
12041:08 11 15 20 24 32
12040:03 08 09 22 25 31
12039:01 02 05 13 22 29
12038:09 10 11 15 19 33
12037:05 14 19 24 28 33
12036:02 11 13 18 19 26
12035:09 11 12 21 24 26
12034:02 03 08 23 32 33
12033:02 03 15 16 17 27
12032:01 02 10 17 22 24
12031:04 16 22 24 27 31
12030:09 10 17 18 21 31
12029:04 07 15 25 26 28
12028:10 15 20 21 28 30
12027:04 16 22 25 30 31
12026:03 07 09 15 24 25
12025:03 08 09 17 25 27
12024:04 12 19 21 25 28
12023:05 09 15 23 24 33
12022:04 08 12 24 26 27
12021:01 15 16 18 22 30
12020:03 08 12 18 23 29
12019:07 14 18 20 22 30
12018:03 05 06 22 26 32
12017:06 09 14 19 25 28
12016:02 05 12 17 22 25
12015:01 03 06 10 21 23
12014:01 02 05 16 28 30
12013:06 08 24 29 30 32
12012:15 17 18 20 23 27
12011:04 14 15 16 20 26
12010:01 03 13 19 25 26
12009:04 16 24 26 27 33
12008:01 12 20 23 24 29
12007:10 17 19 27 28 32
12006:02 22 25 29 32 33
12005:07 09 18 27 31 33
12004:01 05 10 11 21 23
12003:03 06 08 24 29 31
12002:02 03 07 09 10 32
12001:01 04 05 09 15 17
11153:05 08 09 10 20 25
11152:04 10 11 12 21 26
11151:07 11 16 19 31 33
11150:08 10 12 15 22 27
11149:04 05 06 07 23 31
11148:05 14 22 23 25 26
11147:04 08 12 17 18 30
11146:11 23 26 28 32 33
11145:02 04 14 15 26 30
11144:01 02 09 10 16 24
11143:07 08 12 14 15 30
11142:12 15 16 26 29 31
11141:02 04 06 19 24 29
11140:04 18 20 22 27 29
11139:08 20 24 27 30 31
11138:01 05 15 24 28 32
11137:02 11 18 23 30 33
11136:02 04 06 20 22 31
11135:12 13 17 20 25 26
11134:01 02 06 07 30 31
11133:12 14 20 21 25 31
11132:02 05 12 13 25 33
11131:02 07 09 17 21 25
11130:07 14 18 23 25 32
11129:07 10 11 21 23 26
11128:09 11 14 17 19 23
11127:16 19 22 23 27 29
11126:03 07 13 18 23 26
11125:03 10 15 24 27 32
11124:09 18 19 26 31 32
11123:01 04 05 14 19 28
11122:10 12 18 26 27 31
11121:04 14 22 25 32 33
11120:04 14 17 28 30 33
11119:09 12 14 19 28 32
11118:05 06 11 14 20 21
11117:08 10 19 26 28 30
11116:01 07 11 12 17 27
11115:07 08 09 12 17 33
11114:01 14 15 16 30 32
11113:06 10 11 25 32 33
11112:03 05 16 18 23 24
11111:01 03 05 20 25 27
11110:12 14 21 26 28 33
11109:01 03 09 15 16 33
11108:02 17 22 26 29 33
11107:04 09 16 17 22 29
11106:02 11 12 14 24 32
11105:04 06 23 25 27 28
11104:09 10 16 20 25 29
11103:04 05 10 13 15 16
11102:01 05 13 21 27 31
11101:06 10 19 23 29 31
11100:07 11 21 23 31 32
11099:10 12 13 21 26 27
11098:03 07 20 21 22 32
11097:09 17 19 20 21 26
11096:01 04 07 13 14 19
11095:03 07 08 10 23 24
11094:09 11 12 17 18 19
11093:04 07 11 13 23 30
11092:05 10 17 26 31 32
11091:09 15 21 23 28 30
11090:02 05 14 18 21 25
11089:01 02 11 24 29 30
11088:03 09 17 20 21 29
11087:02 03 04 05 18 28
11086:06 07 09 12 17 24
11085:03 06 11 21 24 31
11084:09 10 12 16 18 32
11083:07 16 18 24 28 29
11082:07 16 17 20 25 26
11081:06 14 19 23 25 32
11080:02 07 09 25 31 32
11079:03 14 15 16 24 29
11078:03 05 13 20 22 29
11077:01 07 08 15 26 29
11076:06 19 21 26 32 33
11075:07 09 10 12 31 32
11074:02 21 26 28 29 32
11073:03 04 05 12 17 21
11072:01 06 10 11 18 27
11071:01 02 15 22 28 30
11070:01 03 05 12 21 28
11069:02 13 16 18 24 30
11068:03 07 10 15 19 24
11067:17 19 20 24 25 27
11066:04 06 14 17 30 32
11065:04 16 23 25 27 29
11064:03 06 07 29 30 33
11063:04 06 13 15 18 19
11062:04 08 09 10 29 30
11061:02 03 08 13 19 21
11060:10 11 13 21 27 31
11059:24 26 27 29 31 33
11058:07 18 22 30 32 33
11057:04 06 20 21 26 33
11056:13 16 19 20 23 25
11055:08 13 16 17 29 32
11054:08 11 16 17 22 33
11053:03 06 10 12 22 30
11052:04 05 08 19 27 28
11051:01 07 11 14 15 16
11050:04 05 19 22 28 29
11049:01 11 17 18 27 31
11048:10 14 18 25 26 27
11047:04 13 23 25 27 33
11046:09 17 18 26 29 30
11045:02 16 17 20 26 32
11044:03 14 16 26 27 31
11043:04 13 14 17 25 31
11042:05 13 15 17 19 21
11041:04 10 12 13 30 32
11040:05 11 14 24 26 28
11039:03 07 10 16 24 29
11038:02 14 15 19 23 24
11037:01 03 04 06 17 25
11036:02 11 20 22 24 31
11035:13 14 18 20 27 31
11034:13 14 17 19 24 31
11033:02 08 12 13 19 29
11032:03 05 07 13 14 15
11031:16 17 24 28 29 32
11030:02 09 19 24 25 33
11029:01 04 09 10 20 31
11028:01 04 05 14 16 17
11027:13 18 21 22 25 26
11026:07 08 17 19 21 26
11025:08 25 26 31 32 33
11024:05 07 10 19 26 31
11023:02 03 06 21 22 25
11022:02 07 14 16 17 21
11021:01 02 14 18 25 31
11020:12 16 17 19 24 30
11019:02 04 12 19 32 33
11018:13 15 18 28 30 33
11017:02 06 15 23 26 33
11016:03 04 16 17 22 29
11015:03 06 13 26 27 29
11014:05 07 10 11 23 26
11013:01 03 13 16 21 22
11012:07 08 11 13 15 26
11011:01 12 18 19 21 24
11010:01 04 05 09 15 19
11009:17 18 23 24 25 26
11008:10 12 13 17 24 31
11007:01 09 17 24 26 31
11006:01 03 05 13 16 18
11005:06 09 12 14 20 22
11004:04 06 08 10 13 26
11003:13 14 21 22 23 27
11002:06 08 12 17 28 33
11001:03 09 20 24 26 32
10153:03 06 12 19 30 31
10152:04 09 17 21 25 31
10151:02 13 14 17 19 26
10150:02 17 18 23 29 30
10149:02 07 08 16 25 30
10148:01 03 07 18 23 27
10147:02 08 15 18 24 30
10146:01 17 18 22 25 32
10145:03 21 24 27 28 31
10144:02 03 08 15 19 21
10143:09 16 18 26 30 31
10142:02 16 18 23 26 27
10141:02 03 07 18 23 27
10140:01 12 13 18 26 29
10139:11 13 18 20 26 31
10138:01 21 23 24 26 30
10137:07 09 10 13 19 33
10136:04 10 23 24 26 33
10135:04 10 13 25 26 30
10134:09 15 16 22 27 28
10133:03 09 17 21 26 32
10132:02 10 12 18 24 33
10131:05 06 15 16 19 26
10130:01 02 07 15 21 31
10129:04 08 14 25 28 32
10128:04 11 19 20 24 28
10127:01 04 08 17 25 33
10126:03 13 18 20 27 28
10125:06 07 13 23 28 29
10124:02 06 08 11 12 25
10123:06 12 15 18 29 32
10122:02 09 12 16 25 27
10121:08 11 13 18 25 30
10120:01 02 05 06 10 29
10119:07 17 25 27 30 31
10118:05 08 11 13 15 25
10117:01 08 20 22 24 28
10116:05 09 10 20 22 26
10115:01 22 24 25 29 33
10114:01 08 11 15 17 25
10113:05 10 15 18 20 28
10112:01 08 18 24 29 30
10111:04 07 08 13 17 18
10110:01 03 12 24 26 27
10109:04 15 18 25 29 32
10108:02 04 08 20 23 24
10107:08 12 15 17 22 33
10106:02 06 08 15 26 29
10105:01 08 09 19 21 31
10104:07 17 23 24 27 32
10103:06 09 14 17 20 33
10102:04 11 16 20 22 29
10101:04 09 18 21 25 26
10100:01 06 12 22 23 26
10099:03 04 17 24 27 30
10098:01 03 08 16 29 33
10097:10 16 18 21 24 26
10096:07 12 21 23 24 28
10095:09 11 16 17 25 27
10094:03 05 07 27 31 32
10093:09 10 19 28 32 33
10092:03 13 19 27 28 30
10091:06 13 16 20 22 24
10090:01 06 10 15 25 31
10089:07 08 09 16 23 26
10088:05 06 15 23 27 30
10087:01 08 16 17 25 30
10086:05 21 28 29 30 31
10085:01 08 12 13 24 27
10084:02 10 14 18 20 30
10083:02 20 21 22 23 31
10082:01 08 13 14 27 31
10081:02 03 09 24 26 27
10080:08 10 13 14 16 23
10079:08 11 12 14 18 22
10078:01 03 09 11 17 23
10077:02 08 14 20 21 24
10076:01 12 14 29 31 32
10075:05 09 12 13 15 22
10074:02 10 17 18 19 29
10073:01 16 20 23 27 31
10072:06 08 22 23 30 31
10071:05 13 14 17 20 26
10070:08 13 23 27 31 33
10069:12 14 20 22 24 32
10068:03 13 18 20 23 28
10067:01 07 10 14 21 25
10066:01 03 21 22 31 32
10065:02 07 08 17 30 32
10064:08 14 25 26 30 31
10063:02 06 10 17 23 24
10062:11 13 15 20 31 33
10061:02 04 16 19 22 26
10060:01 08 15 18 22 27
10059:01 09 11 12 18 30
10058:01 04 11 17 19 29
10057:05 11 12 19 25 32
10056:01 02 03 08 13 32
10055:02 03 13 19 20 23
10054:01 06 08 12 14 25
10053:03 22 24 27 28 30
10052:01 02 19 23 27 29
10051:04 17 23 27 28 32
10050:07 21 22 26 28 30
10049:01 06 10 26 27 28
10048:01 06 08 10 23 33
10047:03 10 13 20 21 32
10046:11 12 21 23 27 32
10045:02 03 04 13 20 29
10044:03 09 21 23 27 31
10043:04 10 19 22 28 33
10042:03 06 11 20 31 32
10041:03 05 13 19 25 29
10040:12 19 24 25 30 32
10039:08 17 21 23 25 32
10038:01 06 07 11 13 16
10037:03 16 19 21 24 26
10036:06 13 14 28 29 30
10035:09 10 11 18 19 21
10034:06 11 13 22 25 32
10033:08 10 11 12 25 29
10032:08 18 21 28 29 33
10031:05 07 13 24 25 28
10030:03 06 10 16 25 31
10029:01 05 14 16 17 22
10028:01 03 06 12 16 32
10027:03 04 15 25 26 30
10026:02 04 05 08 19 22
10025:04 05 07 10 13 25
10024:07 16 26 27 29 31
10023:02 09 11 22 24 27
10022:01 02 18 29 31 32
10021:02 09 16 17 19 25
10020:05 06 14 22 24 26
10019:02 10 22 24 26 27
10018:11 28 29 30 32 33
10017:01 03 06 11 12 23
10016:02 08 10 12 30 33
10015:01 04 16 21 23 28
10014:01 03 07 14 26 28
10013:01 02 03 16 18 23
10012:02 08 13 14 25 33
10011:07 08 14 22 24 30
10010:07 08 12 15 22 26
10009:01 09 13 21 24 32
10008:05 07 13 15 18 30
10007:14 22 27 28 30 33
10006:03 05 07 13 14 18
10005:03 05 06 08 17 18
10004:01 12 13 16 23 28
10003:14 22 26 27 28 31
10002:03 06 07 23 30 33
10001:07 17 18 27 29 32
09154:01 07 12 14 18 25
09153:06 07 08 20 21 25
09152:03 04 19 21 27 28
09151:06 08 10 16 25 30
09150:04 06 07 16 19 20
09149:01 03 16 18 22 29
09148:06 12 15 22 29 32
09147:06 08 10 18 22 32
09146:03 09 16 20 22 33
09145:03 05 11 15 26 33
09144:01 05 10 17 18 29
09143:05 09 11 17 23 28
09142:07 11 15 19 20 24
09141:02 13 21 28 29 31
09140:04 05 11 18 22 33
09139:01 05 15 17 27 29
09138:04 07 14 26 32 33
09137:08 12 14 15 17 21
09136:01 04 14 22 30 33
09135:01 03 14 19 30 33
09134:03 05 12 15 28 33
09133:05 09 13 18 20 32
09132:04 14 15 21 23 30
09131:16 23 25 26 32 33
09130:02 03 07 12 13 30
09129:06 07 16 17 24 25
09128:05 08 15 16 26 32
09127:02 11 12 14 15 16
09126:03 05 06 10 19 23
09125:06 07 08 22 26 27
09124:03 04 22 23 28 30
09123:09 13 20 22 25 28
09122:07 14 16 27 29 32
09121:02 04 06 10 25 30
09120:01 02 08 12 16 30
09119:06 07 10 12 15 21
09118:12 16 25 26 27 31
09117:05 09 15 21 26 31
09116:05 17 21 25 27 32
09115:02 09 13 15 19 24
09114:03 05 11 12 31 32
09113:04 12 20 25 28 29
09112:06 07 18 24 30 32
09111:02 04 07 14 15 25
09110:04 10 13 15 19 30
09109:05 06 07 14 25 28
09108:04 10 17 28 32 33
09107:07 08 20 23 28 29
09106:01 02 15 18 20 29
09105:02 08 10 16 27 30
09104:20 22 26 29 30 32
09103:06 11 17 20 23 24
09102:03 05 07 08 14 31
09101:01 02 05 10 19 24
09100:02 11 17 27 30 33
09099:08 09 18 20 25 29
09098:03 14 15 20 23 30
09097:07 13 24 26 28 32
09096:01 26 27 31 32 33
09095:08 09 14 28 31 33
09094:03 16 22 25 26 33
09093:01 11 20 31 32 33
09092:02 06 07 14 18 31
09091:03 08 11 14 25 29
09090:07 09 14 20 23 30
09089:02 03 07 11 19 32
09088:04 07 11 15 16 17
09087:06 11 13 20 28 32
09086:11 12 13 18 23 32
09085:04 08 12 17 20 30
09084:04 09 11 20 32 33
09083:02 08 12 18 24 28
09082:11 15 18 21 27 29
09081:04 05 06 25 29 30
09080:01 11 13 25 32 33
09079:02 09 16 21 30 31
09078:05 07 12 14 15 20
09077:01 09 14 16 28 32
09076:09 18 19 25 28 31
09075:01 13 15 17 20 30
09074:05 10 16 19 23 28
09073:09 16 17 18 22 27
09072:01 03 12 20 21 29
09071:04 05 23 26 31 32
09070:01 02 09 10 21 31
09069:03 05 12 18 21 23
09068:06 11 18 20 25 30
09067:04 10 16 23 28 30
09066:02 15 19 24 31 32
09065:08 12 20 22 30 33
09064:01 02 14 23 28 29
09063:02 05 11 26 30 32
09062:10 19 20 21 23 32
09061:10 11 13 16 19 30
09060:07 13 17 26 32 33
09059:03 07 13 23 27 30
09058:05 08 10 15 23 26
09057:05 07 10 14 17 25
09056:04 09 10 18 29 32
09055:03 04 18 22 24 29
09054:16 17 23 26 31 32
09053:07 12 18 19 22 28
09052:09 11 15 19 21 30
09051:06 10 13 16 21 23
09050:13 21 24 29 30 32
09049:09 12 14 20 30 31
09048:03 07 11 15 17 31
09047:06 08 11 15 21 22
09046:16 20 21 26 29 30
09045:03 04 06 23 30 32
09044:11 14 16 18 26 30
09043:04 09 10 15 18 26
09042:08 16 22 23 27 30
09041:01 08 23 26 28 33
09040:04 07 10 20 26 30
09039:05 12 14 15 21 27
09038:12 13 15 23 28 32
09037:02 06 15 18 20 31
09036:06 09 18 23 32 33
09035:06 15 21 26 29 31
09034:09 12 18 21 22 26
09033:07 08 13 14 29 30
09032:09 11 12 19 27 32
09031:01 02 03 15 30 33
09030:08 14 24 26 28 32
09029:12 13 15 22 23 29
09028:03 06 12 15 23 26
09027:02 07 11 16 27 32
09026:11 15 17 18 20 30
09025:10 20 22 23 26 33
09024:01 03 17 23 30 33
09023:01 06 07 15 24 30
09022:05 08 09 10 11 18
09021:01 04 05 17 24 27
09020:03 05 07 10 19 23
09019:06 17 19 20 26 27
09018:02 05 06 19 27 30
09017:06 14 15 19 25 26
09016:02 07 13 16 20 33
09015:02 04 06 15 17 32
09014:03 06 09 14 15 18
09013:04 08 09 21 26 27
09012:05 11 14 17 18 28
09011:02 04 13 14 18 23
09010:03 10 17 19 20 24
09009:08 15 21 30 31 33
09008:04 15 16 22 32 33
09007:01 05 12 23 25 26
09006:06 12 18 20 26 33
09005:01 03 08 15 17 21
09004:03 11 13 17 28 31
09003:02 03 06 15 25 30
09002:10 14 17 25 29 33
09001:04 21 23 24 30 31
08154:02 05 07 21 22 26
08153:01 04 18 21 24 30
08152:01 04 06 22 26 30
08151:06 08 10 14 17 19
08150:04 19 22 24 29 32
08149:10 14 22 28 29 33
08148:03 05 09 22 26 28
08147:07 08 14 22 26 33
08146:07 08 17 19 31 32
08145:07 13 18 22 26 29
08144:02 05 10 27 29 33
08143:12 17 18 19 26 27
08142:05 06 10 13 17 28
08141:03 13 20 25 29 33
08140:07 14 16 29 30 31
08139:08 09 19 23 25 26
08138:07 14 19 23 25 32
08137:01 04 24 28 29 33
08136:05 09 10 12 18 28
08135:05 14 15 16 19 21
08134:10 15 19 20 28 32
08133:08 11 16 19 24 26
08132:09 13 16 25 27 33
08131:02 12 15 18 22 32
08130:01 12 18 28 30 32
08129:01 03 18 24 25 32
08128:01 05 19 20 27 33
08127:05 08 19 22 27 30
08126:04 11 12 14 20 30
08125:10 11 12 15 26 29
08124:01 07 10 13 21 22
08123:10 11 15 16 25 29
08122:02 08 11 14 19 26
08121:02 22 23 27 31 32
08120:10 11 22 24 26 33
08119:05 07 09 15 24 29
08118:04 09 16 27 31 33
08117:03 05 07 10 14 33
08116:03 07 21 22 24 29
08115:02 12 13 14 17 18
08114:04 09 20 24 25 31
08113:06 09 10 12 17 22
08112:05 13 14 19 22 23
08111:17 18 21 25 31 32
08110:10 16 22 23 29 31
08109:04 07 09 16 21 28
08108:09 10 15 17 23 30
08107:06 13 18 22 27 32
08106:14 19 25 27 29 30
08105:05 17 19 27 28 32
08104:03 06 08 17 24 31
08103:01 12 16 18 22 33
08102:03 07 12 21 25 32
08101:09 17 21 26 28 30
08100:08 14 17 21 27 28
08099:10 15 16 22 23 24
08098:06 07 10 11 15 30
08097:03 06 08 09 16 17
08096:06 08 12 24 27 31
08095:03 08 14 21 28 29
08094:01 04 15 16 23 28
08093:04 10 12 16 26 28
08092:01 03 18 27 28 30
08091:03 12 14 23 31 32
08090:02 07 14 18 19 24
08089:03 06 11 16 22 27
08088:01 06 08 16 17 23
08087:01 07 26 29 30 31
08086:04 05 10 26 27 30
08085:01 04 12 20 24 29
08084:04 07 13 20 29 30
08083:07 08 09 18 29 32
08082:04 08 10 12 21 26
08081:02 12 13 18 25 31
08080:04 14 22 25 29 32
08079:03 04 05 10 20 32
08078:06 13 16 26 30 33
08077:04 12 22 26 30 33
08076:02 05 07 11 13 18
08075:01 08 14 18 22 30
08074:01 11 15 19 20 24
08073:01 09 13 22 28 33
08072:01 05 10 18 22 30
08071:01 06 21 26 27 28
08070:05 06 12 15 18 33
08069:05 08 17 20 26 30
08068:05 07 17 23 27 29
08067:10 11 15 19 26 33
08066:07 12 21 22 29 30
08065:05 13 15 19 30 31
08064:01 02 07 09 12 18
08063:05 09 11 14 16 17
08062:06 08 13 17 24 27
08061:01 02 05 12 26 31
08060:06 07 08 17 30 32
08059:02 06 15 29 31 32
08058:01 12 21 27 29 31
08057:19 20 21 26 28 30
08056:08 13 22 23 25 30
08055:11 16 19 23 26 31
08054:02 06 16 17 20 25
08053:06 12 19 20 21 27
08052:02 10 17 23 29 31
08051:01 04 08 10 13 33
08050:01 11 19 24 26 27
08049:03 10 12 13 19 25
08048:11 18 21 27 30 32
08047:09 12 13 14 20 22
08046:15 16 18 24 28 33
08045:01 10 13 21 29 32
08044:05 07 09 20 26 29
08043:03 10 16 22 27 33
08042:03 04 09 11 12 24
08041:08 11 20 22 23 27
08040:06 13 22 25 27 28
08039:01 07 10 13 22 29
08038:03 09 10 11 15 19
08037:01 12 22 24 28 31
08036:02 06 13 18 23 28
08035:07 11 14 17 18 29
08034:03 05 09 11 21 29
08033:12 17 18 30 31 33
08032:05 14 16 21 23 28
08031:03 06 11 15 21 31
08030:06 15 18 19 20 28
08029:01 09 14 22 29 32
08028:01 13 21 26 29 32
08027:15 18 19 23 24 26
08026:05 17 19 27 29 32
08025:08 16 17 18 19 21
08024:11 20 21 26 28 30
08023:08 16 18 25 26 32
08022:12 18 20 24 28 32
08021:09 12 19 20 26 28
08020:03 10 13 15 28 30
08019:02 09 11 17 27 31
08018:02 05 06 23 26 33
08017:02 05 07 17 20 22
08016:03 12 14 21 29 33
08015:06 08 11 16 29 33
08014:03 09 11 17 21 31
08013:02 08 15 16 22 28
08012:03 04 05 16 20 30
08011:02 14 17 21 30 32
08010:03 08 11 17 21 27
08009:09 21 29 30 31 32
08008:02 15 16 23 26 27
08007:01 13 17 22 23 30
08006:01 14 16 18 22 27
08005:03 05 15 22 24 25
08004:04 08 22 23 27 29
08003:06 08 11 13 17 19
08002:03 04 18 22 25 29
08001:02 04 07 09 14 29
07153:01 04 19 20 25 31
07152:11 17 21 29 30 33
07151:01 06 10 11 23 25
07150:03 05 11 13 19 24
07149:01 17 19 22 28 30
07148:03 09 16 17 23 28
07147:03 07 18 24 26 27
07146:04 18 22 24 26 30
07145:08 09 11 12 25 31
07144:08 14 23 25 28 32
07143:01 06 22 23 24 26
07142:11 20 25 26 27 30
07141:02 03 04 06 17 31
07140:01 05 16 21 22 26
07139:06 10 12 14 16 22
07138:02 03 15 17 19 25
07137:03 07 08 18 20 22
07136:01 02 18 21 25 29
07135:01 11 16 26 31 33
07134:01 04 10 13 18 25
07133:03 06 07 11 13 33
07132:01 09 16 21 22 23
07131:03 05 07 16 22 27
07130:03 05 09 11 27 31
07129:05 07 20 21 22 30
07128:09 10 19 21 27 31
07127:06 09 13 16 24 28
07126:09 10 19 23 26 31
07125:03 05 18 20 27 33
07124:03 07 13 16 19 32
07123:01 13 15 23 28 32
07122:04 07 19 24 26 32
07121:03 10 21 22 27 28
07120:06 07 11 12 18 25
07119:03 08 11 13 25 31
07118:04 10 16 18 25 32
07117:03 07 09 10 26 32
07116:03 05 07 11 17 27
07115:01 05 10 16 20 26
07114:05 12 15 24 27 33
07113:04 18 23 25 26 31
07112:07 11 14 16 25 32
07111:02 09 10 12 13 17
07110:02 04 07 15 24 28
07109:01 04 07 08 13 14
07108:03 07 12 13 20 33
07107:02 08 09 18 24 28
07106:12 18 21 24 25 29
07105:02 07 10 17 23 29
07104:02 08 12 14 20 32
07103:07 09 25 27 30 32
07102:04 06 08 18 20 33
07101:15 16 18 21 22 30
07100:08 18 27 29 30 32
07099:03 04 14 27 31 33
07098:02 03 05 11 19 20
07097:04 08 13 18 26 30
07096:09 10 20 22 30 32
07095:01 06 08 18 29 32
07094:03 05 18 19 24 32
07093:05 10 13 15 19 29
07092:14 18 22 23 24 33
07091:02 11 17 30 31 32
07090:05 11 13 27 30 31
07089:03 07 08 15 19 28
07088:02 04 10 28 29 33
07087:01 03 04 05 08 21
07086:05 08 14 22 27 29
07085:02 12 17 19 29 30
07084:06 10 12 14 20 27
07083:11 14 18 20 21 26
07082:05 15 17 18 25 32
07081:09 14 15 19 24 33
07080:01 08 16 18 19 29
07079:03 04 14 20 21 25
07078:04 06 07 23 25 32
07077:06 08 14 21 28 29
07076:06 12 15 16 20 31
07075:13 16 17 22 30 32
07074:08 13 15 25 27 28
07073:05 09 11 19 28 31
07072:02 04 08 13 14 33
07071:01 06 14 21 30 31
07070:06 08 15 17 18 30
07069:03 04 11 12 14 32
07068:11 18 19 22 23 28
07067:06 11 13 17 21 23
07066:05 11 16 24 32 33
07065:04 07 19 21 25 31
07064:02 06 09 16 21 23
07063:10 15 17 24 26 28
07062:08 17 20 29 30 33
07061:01 06 07 11 20 23
07060:01 02 08 16 19 29
07059:01 03 04 06 07 29
07058:07 08 10 13 25 27
07057:05 11 18 19 20 21
07056:14 17 21 29 31 32
07055:02 06 11 22 28 29
07054:01 03 16 18 23 28
07053:10 13 16 17 18 27
07052:02 03 07 08 26 29
07051:03 14 16 26 27 33
07050:01 05 08 13 18 25
07049:04 14 18 19 31 33
07048:02 11 12 15 17 28
07047:02 04 16 18 23 30
07046:02 06 07 09 19 26
07045:01 12 18 21 28 30
07044:09 13 20 21 24 32
07043:03 08 10 11 14 30
07042:03 13 16 19 32 33
07041:01 03 09 11 26 31
07040:13 14 15 19 24 30
07039:06 07 19 24 27 29
07038:03 11 14 19 21 30
07037:10 11 16 23 31 33
07036:03 14 21 23 30 31
07035:01 04 08 12 29 31
07034:02 09 12 14 23 25
07033:03 04 11 17 18 28
07032:04 08 16 24 30 32
07031:04 06 10 12 19 31
07030:03 16 21 22 27 30
07029:06 08 09 11 19 21
07028:03 08 13 20 29 30
07027:02 03 09 22 24 27
07026:01 04 14 16 26 29
07025:03 16 18 22 23 26
07024:08 09 17 25 27 32
07023:03 07 13 17 32 33
07022:02 04 07 10 18 27
07021:03 06 09 11 25 31
07020:05 10 16 20 28 31
07019:04 11 16 23 29 31
07018:01 12 18 20 21 26
07017:05 09 10 24 25 32
07016:01 18 20 22 26 33
07015:03 04 08 18 22 30
07014:01 13 16 20 24 26
07013:05 15 18 27 29 32
07012:03 05 07 21 26 28
07011:03 10 15 25 28 33
07010:03 08 14 17 30 32
07009:02 04 14 15 25 27
07008:01 04 05 18 19 25
07007:04 12 15 17 22 32
07006:06 10 14 22 26 27
07005:01 05 06 16 24 30
07004:03 07 10 13 25 33
07003:05 09 11 12 22 27
07002:05 06 14 20 21 22
07001:02 04 09 10 20 26
