==================称心码=================
==================巫妖=================
红球25码 01,02,06,07,08,09,11,12,13,14,15,17,19,20,21,22,23,24,25,27,28,29,30,31,32
红球20码 01,02,06,07,11,13,14,15,17,19,20,21,22,23,24,25,27,28,31,32
==================演绎人生=================
==================飞花潇雪=================
==================双色球达人=================
==================东方卫视=================
==================蜗蜗牛=================
==================第二神=================
==================真心相待=================
==================格兰雄狮=================
红球25码 02,03,04,06,07,08,09,10,12,15,16,17,18,19,20,21,22,23,24,25,28,29,30,31,32
==================忘忧草=================
==================暗渡陈仓=================
==================寻雾=================
==================天宇=================
==================四通八达=================
红球25码 01,03,05,06,07,08,09,10,11,12,14,15,17,18,19,20,22,23,24,25,28,30,31,32,33
==================清风雪舞=================
==================百炼成钢=================
红球25码 01,02,03,04,05,06,10,11,13,14,15,16,17,18,19,20,21,22,23,24,27,30,31,32,33
==================西川达子=================
==================莫天命=================
==================薄彩在身=================
==================百事大吉=================
红球25码 01,02,04,06,07,08,09,12,13,14,15,17,19,20,21,22,23,24,27,28,29,30,31,32,33
红球20码 01,02,04,06,07,08,09,12,14,15,17,19,21,22,23,24,28,29,31,33
==================小仙女=================
==================完美运程=================
==================天之骄子=================
==================小豆豆=================
红球25码 01,03,05,08,09,10,12,13,16,17,18,19,20,21,22,23,24,25,27,28,29,30,31,32,33
==================连连碰=================
==================西龙=================
红球25码 01,02,03,05,07,08,10,11,12,14,15,16,17,19,20,21,22,23,24,26,27,29,31,32,33
红球20码 02,03,05,07,08,10,14,15,16,17,19,20,21,22,23,24,27,29,31,32
==================李寒=================
==================法神=================
红球25码 01,03,04,05,06,07,08,10,11,12,13,14,17,18,19,20,22,23,24,26,27,28,29,31,32
==================丹姿=================
==================狐王=================
==================幽冉=================
==================惊天危机=================
==================痛并快乐=================
==================助力=================
==================达达=================
==================万神=================
==================彩天地=================
==================谁与争锋=================
==================孤雁看胆=================
==================军师吴用=================
==================脱口秀=================
==================潮人=================
==================西坝=================
==================小糖人=================
红球25码 02,04,05,06,07,08,09,10,12,14,15,16,17,20,22,23,24,25,27,28,29,30,31,32,33
==================火力全开=================
==================维迪尔=================
