==================狐王=================
==================小豆豆=================
==================连连碰=================
==================完美运程=================
==================军师吴用=================
==================脱口秀=================
==================蜗蜗牛=================
红球25码 01,02,03,04,06,07,08,09,10,11,12,13,15,17,18,19,20,23,24,25,26,28,29,30,32
红球20码 01,02,03,07,08,09,10,11,13,15,17,18,23,24,25,26,28,29,30,32
==================李寒=================
==================幽冉=================
==================惊天危机=================
==================格兰雄狮=================
==================助力=================
==================飞花潇雪=================
==================暗渡陈仓=================
==================万神=================
==================天宇=================
==================彩天地=================
==================谁与争锋=================
==================清风雪舞=================
==================百炼成钢=================
==================莫天命=================
==================孤雁看胆=================
==================小仙女=================
==================东方卫视=================
==================第二神=================
红球25码 01,02,03,04,05,07,08,09,10,11,14,16,17,18,20,21,23,24,25,26,27,28,29,30,32
==================潮人=================
==================西坝=================
==================丹姿=================
==================痛并快乐=================
==================真心相待=================
==================维迪尔=================
==================巫妖=================
红球25码 01,02,07,09,10,11,12,13,14,15,16,17,18,20,22,23,24,25,26,27,28,29,30,31,32
==================忘忧草=================
==================寻雾=================
==================四通八达=================
==================西川达子=================
==================演绎人生=================
红球25码 01,03,05,07,08,09,10,11,13,14,16,17,18,20,21,22,23,24,25,26,27,28,29,32,33
红球20码 01,05,07,08,09,10,11,13,14,16,18,20,21,22,23,24,25,26,32,33
==================薄彩在身=================
==================百事大吉=================
==================双色球达人=================
==================天之骄子=================
==================西龙=================
==================称心码=================
==================法神=================
==================小糖人=================
==================火力全开=================
==================达达=================
