==================狐王=================
==================连连碰=================
==================蜗蜗牛=================
==================格兰雄狮=================
==================巫妖=================
==================助力=================
==================暗渡陈仓=================
==================天宇=================
==================百炼成钢=================
==================完美运程=================
红球25码 01,03,04,05,06,07,08,10,11,12,16,17,18,19,20,21,22,23,24,25,27,28,30,31,33
==================李寒=================
==================幽冉=================
==================惊天危机=================
==================真心相待=================
==================飞花潇雪=================
==================寻雾=================
==================万神=================
==================彩天地=================
==================谁与争锋=================
==================演绎人生=================
==================莫天命=================
==================孤雁看胆=================
==================小仙女=================
==================小豆豆=================
==================军师吴用=================
==================脱口秀=================
==================第二神=================
红球25码 01,02,04,05,06,07,08,10,11,12,15,16,17,18,19,20,21,23,26,27,28,30,31,32,33
==================潮人=================
==================称心码=================
红球25码 01,02,03,04,06,07,08,09,10,12,14,16,18,19,20,21,22,24,25,26,27,28,29,32,33
==================西坝=================
==================维迪尔=================
==================忘忧草=================
==================四通八达=================
红球25码 01,02,03,04,05,07,08,09,11,12,14,16,18,19,20,21,22,23,24,26,27,28,30,31,33
红球20码 01,03,04,05,07,08,09,11,16,18,19,21,23,24,26,27,28,30,31,33
==================清风雪舞=================
==================西川达子=================
==================薄彩在身=================
==================百事大吉=================
==================双色球达人=================
==================东方卫视=================
==================天之骄子=================
==================西龙=================
红球25码 01,02,03,04,05,08,10,12,13,14,15,16,17,18,19,20,21,23,24,26,27,28,31,32,33
==================法神=================
==================丹姿=================
红球25码 01,02,03,04,05,06,09,10,12,14,15,16,17,18,19,22,23,24,25,26,27,28,29,31,32
==================痛并快乐=================
==================小糖人=================
==================火力全开=================
==================达达=================
