==================巫妖=================
==================飞花潇雪=================
==================称心码=================
红球25码 01,04,06,09,10,11,12,13,15,16,17,18,19,20,21,22,23,24,25,26,27,28,31,32,33
==================真心相待=================
==================暗渡陈仓=================
==================演绎人生=================
红球25码 01,03,05,06,07,08,09,10,12,13,14,15,16,19,20,21,22,23,24,25,26,27,28,29,32
红球20码 03,05,06,07,08,10,12,13,15,16,19,20,21,22,23,25,26,27,29,32
==================东方卫视=================
==================完美运程=================
==================蜗蜗牛=================
==================第二神=================
==================李寒=================
==================狐王=================
==================幽冉=================
==================惊天危机=================
==================格兰雄狮=================
==================助力=================
==================忘忧草=================
==================寻雾=================
==================万神=================
==================天宇=================
==================四通八达=================
==================百炼成钢=================
==================西川达子=================
==================莫天命=================
==================薄彩在身=================
==================百事大吉=================
==================双色球达人=================
红球25码 03,04,05,06,07,09,11,12,13,14,15,17,18,20,21,22,23,24,26,27,28,29,30,31,33
红球20码 03,05,06,07,09,12,13,14,15,17,20,21,23,24,26,27,29,30,31,33
==================小仙女=================
==================天之骄子=================
==================小豆豆=================
==================连连碰=================
==================西龙=================
==================潮人=================
==================丹姿=================
==================痛并快乐=================
==================达达=================
==================彩天地=================
==================谁与争锋=================
==================清风雪舞=================
红球25码 01,03,06,07,08,09,11,12,13,14,15,16,17,18,20,21,22,23,24,25,27,29,30,31,32
==================孤雁看胆=================
==================军师吴用=================
==================脱口秀=================
==================西坝=================
==================法神=================
红球25码 02,03,04,06,08,09,10,11,12,13,14,15,17,18,19,21,23,24,25,26,27,29,30,31,32
红球20码 03,04,06,08,09,10,11,12,13,14,15,17,18,21,23,24,26,27,30,31
==================小糖人=================
==================火力全开=================
==================维迪尔=================
