==================狐王=================
红球25码 01,02,03,04,05,06,07,08,10,11,12,13,14,15,16,18,19,20,21,23,24,25,27,29,31
==================连连碰=================
==================蜗蜗牛=================
红球25码 02,03,04,05,06,07,11,12,13,15,17,18,19,20,21,23,24,25,26,27,28,29,30,32,33
==================完美运程=================
==================小豆豆=================
==================李寒=================
==================幽冉=================
==================惊天危机=================
==================格兰雄狮=================
红球25码 02,03,05,06,07,09,10,11,13,14,15,16,18,19,20,21,23,25,26,27,28,29,30,32,33
==================巫妖=================
红球25码 01,02,03,05,06,07,08,10,11,13,14,15,17,18,20,21,22,24,26,28,29,30,31,32,33
红球20码 02,03,05,06,07,08,10,11,15,18,20,21,22,24,26,29,30,31,32,33
==================助力=================
红球25码 11,07,21,08,27,23,30,33,18,20,02,04,06,26,29,01,10,25,32,09,13,03,24,28,15
==================暗渡陈仓=================
红球25码 01,02,03,04,05,06,07,09,10,12,14,15,16,17,18,19,20,21,22,24,25,26,28,31,32
==================万神=================
==================天宇=================
红球25码 01,02,03,04,05,06,07,08,10,11,12,13,15,17,19,20,21,22,25,26,27,28,30,31,32
红球20码 01,02,03,04,06,07,08,10,13,15,19,20,21,25,26,27,28,30,31,32
==================彩天地=================
==================谁与争锋=================
==================清风雪舞=================
==================百炼成钢=================
红球25码 01,02,03,04,06,07,08,09,13,14,15,16,17,20,21,22,23,24,25,26,27,30,31,32,33
==================演绎人生=================
==================莫天命=================
==================孤雁看胆=================
==================小仙女=================
==================军师吴用=================
==================脱口秀=================
==================第二神=================
==================潮人=================
==================西坝=================
==================丹姿=================
==================痛并快乐=================
==================真心相待=================
红球25码 01,02,03,06,07,08,09,10,11,12,13,14,15,17,18,19,20,21,25,27,28,29,31,32,33
红球20码 01,02,03,06,07,08,11,12,14,15,17,18,19,21,25,27,28,31,32,33
==================维迪尔=================
==================飞花潇雪=================
红球25码 01,02,03,04,05,06,07,08,10,11,12,14,15,16,17,18,20,21,23,25,28,29,30,31,32
==================忘忧草=================
==================寻雾=================
红球25码 01,02,03,04,05,06,07,08,10,11,14,15,16,19,20,21,22,23,25,26,27,30,31,32,33
红球20码 01,02,03,04,05,06,07,10,11,14,15,19,20,21,22,23,26,27,32,33
==================四通八达=================
==================西川达子=================
==================薄彩在身=================
==================百事大吉=================
==================双色球达人=================
==================东方卫视=================
==================天之骄子=================
==================西龙=================
==================称心码=================
红球25码 01,02,03,04,05,06,07,10,11,12,13,14,15,16,19,20,21,23,25,26,27,28,29,30,31
==================法神=================
==================小糖人=================
==================火力全开=================
==================达达=================
