==================狐王=================
==================完美运程=================
==================蜗蜗牛=================
==================格兰雄狮=================
==================巫妖=================
红球25码 01,04,05,06,07,08,09,10,12,14,16,17,18,19,20,22,23,24,25,26,28,29,30,31,32
==================暗渡陈仓=================
==================天宇=================
==================百炼成钢=================
==================连连碰=================
==================第二神=================
==================称心码=================
==================李寒=================
红球25码 02,03,07,08,09,10,11,12,13,15,18,19,21,22,23,24,25,26,27,28,29,30,31,32,33
==================幽冉=================
==================惊天危机=================
==================真心相待=================
==================助力=================
==================飞花潇雪=================
==================寻雾=================
==================万神=================
==================四通八达=================
==================演绎人生=================
红球25码 01,02,04,06,07,09,10,11,12,13,14,15,16,18,20,21,22,23,25,27,28,29,30,31,32
==================莫天命=================
红球25码 01,02,03,04,05,06,07,09,10,12,15,16,17,18,19,21,22,23,24,25,26,28,29,30,32
==================孤雁看胆=================
==================小仙女=================
==================军师吴用=================
==================西龙=================
==================潮人=================
==================西坝=================
==================丹姿=================
==================忘忧草=================
==================彩天地=================
==================谁与争锋=================
==================清风雪舞=================
==================西川达子=================
红球25码 01,02,04,05,09,10,11,12,13,16,18,19,20,21,22,23,24,25,27,28,29,30,31,32,33
==================薄彩在身=================
红球25码 01,02,04,06,07,08,09,10,11,12,13,14,17,18,19,20,21,22,24,26,28,29,30,32,33
==================百事大吉=================
红球25码 01,02,04,05,07,08,09,10,11,12,13,14,15,16,18,19,20,26,27,28,29,30,31,32,33
红球20码 01,02,05,08,09,10,11,12,13,15,16,18,19,20,26,27,28,29,30,32
==================双色球达人=================
==================东方卫视=================
红球25码 01,02,03,04,06,07,08,09,10,11,12,15,18,19,21,24,25,26,27,28,29,30,31,32,33
红球20码 01,02,03,04,06,08,09,10,12,15,18,19,21,24,25,26,29,31,32,33
==================天之骄子=================
红球25码 01,02,04,05,06,07,09,10,11,12,13,14,17,18,19,20,21,23,25,26,28,29,30,31,32
==================小豆豆=================
==================脱口秀=================
==================法神=================
==================痛并快乐=================
==================小糖人=================
==================火力全开=================
==================维迪尔=================
