==================狐王=================
==================巫妖=================
==================完美运程=================
==================格兰雄狮=================
==================暗渡陈仓=================
==================天宇=================
==================百炼成钢=================
==================演绎人生=================
==================蜗蜗牛=================
==================第二神=================
==================称心码=================
红球25码 01,03,04,05,06,08,09,10,11,12,13,14,16,17,18,20,21,22,24,27,28,29,30,31,33
==================李寒=================
==================幽冉=================
==================惊天危机=================
==================真心相待=================
红球25码 01,02,03,04,05,06,08,09,11,12,13,14,15,17,18,20,22,24,26,28,29,30,31,32,33
==================助力=================
==================飞花潇雪=================
红球25码 01,02,03,05,06,07,09,12,14,15,18,19,20,21,22,23,24,26,27,28,29,30,31,32,33
==================寻雾=================
==================万神=================
==================四通八达=================
==================西川达子=================
==================莫天命=================
==================孤雁看胆=================
==================薄彩在身=================
==================百事大吉=================
==================小仙女=================
红球25码 01,03,04,06,08,09,11,12,13,14,15,16,17,18,19,20,21,26,27,28,29,30,31,32,33
红球20码 01,03,04,06,08,09,11,12,13,14,15,16,17,18,20,26,27,28,30,31
==================东方卫视=================
==================天之骄子=================
==================军师吴用=================
==================连连碰=================
红球25码 02,03,04,05,06,08,09,12,13,14,15,16,17,18,19,20,21,22,24,26,27,28,29,32,33
==================西龙=================
==================潮人=================
==================丹姿=================
==================达达=================
==================忘忧草=================
==================彩天地=================
==================谁与争锋=================
==================清风雪舞=================
==================双色球达人=================
红球25码 01,03,04,05,06,07,08,09,10,11,12,14,16,18,20,22,23,24,25,27,28,29,30,31,32
==================小豆豆=================
==================脱口秀=================
==================西坝=================
==================法神=================
红球20码 02,03,04,05,06,07,08,09,10,12,14,18,19,21,23,25,27,28,31,32
==================痛并快乐=================
红球25码 01,02,03,04,06,07,08,09,12,14,15,16,17,18,19,20,21,22,23,24,26,28,29,32,33
==================小糖人=================
==================火力全开=================
==================维迪尔=================
