==================小豆豆=================
==================脱口秀=================
==================连连碰=================
==================狐王=================
红球25码 01,02,03,04,05,06,07,08,09,10,11,14,15,16,17,19,21,22,23,27,28,29,30,32,33
==================军师吴用=================
==================蜗蜗牛=================
==================格兰雄狮=================
==================天宇=================
==================彩天地=================
==================谁与争锋=================
==================清风雪舞=================
==================百炼成钢=================
==================西川达子=================
==================演绎人生=================
==================莫天命=================
==================孤雁看胆=================
==================薄彩在身=================
==================小仙女=================
==================东方卫视=================
==================完美运程=================
红球25码 01,02,03,04,05,06,08,09,11,12,13,15,16,18,19,20,21,22,24,25,26,28,30,31,33
==================第二神=================
==================李寒=================
红球25码 01,02,03,04,05,06,07,08,10,13,14,15,16,17,18,19,20,21,23,24,25,28,30,31,33
红球20码 01,02,03,04,05,06,10,13,15,16,18,19,21,23,24,25,28,30,31,33
==================西坝=================
==================丹姿=================
==================幽冉=================
红球25码 01,02,03,04,05,06,09,10,13,14,16,17,18,19,20,21,23,24,26,27,28,29,30,32,33
==================惊天危机=================
红球25码 02,03,04,06,07,10,11,12,13,14,15,16,18,19,20,21,22,23,26,27,28,30,31,32,33
==================痛并快乐=================
==================小糖人=================
==================维迪尔=================
==================助力=================
红球25码 15,29,19,31,24,18,33,21,03,22,26,02,12,20,25,07,08,32,10,11,04,06,13,14,16
==================达达=================
==================飞花潇雪=================
红球25码 01,02,03,04,05,06,07,08,09,10,12,13,14,16,19,20,21,23,24,25,26,29,30,31,33
==================忘忧草=================
==================暗渡陈仓=================
红球25码 01,02,03,04,05,06,08,09,12,13,14,15,18,19,20,21,22,24,25,26,27,29,31,32,33
==================寻雾=================
==================万神=================
红球25码 02,03,04,05,06,07,08,09,10,11,12,14,16,17,18,19,21,22,23,25,26,29,30,32,33
红球20码 02,03,04,05,06,07,08,09,10,14,16,17,18,19,21,25,26,29,30,33
==================四通八达=================
==================百事大吉=================
==================双色球达人=================
==================天之骄子=================
==================西龙=================
==================潮人=================
红球25码 01,02,03,04,06,09,12,14,15,16,17,18,19,20,21,22,24,25,27,28,29,30,31,32,33
红球20码 02,03,04,06,09,12,14,15,16,17,18,19,21,24,25,27,28,29,32,33
==================称心码=================
==================法神=================
==================真心相待=================
红球25码 01,02,03,04,06,07,08,09,12,15,16,19,20,21,22,24,25,26,27,28,29,30,31,32,33
==================火力全开=================
==================巫妖=================
红球25码 01,02,03,04,05,06,07,08,10,11,12,13,15,16,18,20,21,22,23,25,26,27,28,31,33
